1 1 (2) 1 : 0.012 0.000 0.745 0.019 0.194 0.030
2 2 (4) 1 : 0.005 0.000 0.000 0.923 0.001 0.070
3 3 (2) 1 : 0.058 0.000 0.019 0.171 0.067 0.685
4 4 (5) 1 : 0.001 0.000 0.000 0.009 0.000 0.990
5 5 (4) 1 : 0.001 0.000 0.087 0.066 0.000 0.846
6 6 (4) 1 : 0.000 0.000 0.000 0.114 0.004 0.881
7 7 (2) 1 : 0.001 0.000 0.005 0.015 0.025 0.954
8 8 (4) 1 : 0.767 0.000 0.000 0.187 0.000 0.045
9 9 (2) 1 : 0.860 0.115 0.000 0.002 0.023 0.000
10 10 (2) 1 : 0.000 1.000 0.000 0.000 0.000 0.000
11 11 (2) 1 : 0.000 0.240 0.000 0.000 0.759 0.000
12 12 (2) 1 : 0.828 0.124 0.001 0.000 0.048 0.000
13 13 (5) 1 : 0.005 0.000 0.001 0.890 0.019 0.084
14 14 (18) 1 : 0.000 0.000 0.002 0.922 0.001 0.074
15 15 (4) 1 : 0.000 0.000 0.000 0.825 0.173 0.001
16 16 (2) 1 : 0.000 0.852 0.107 0.033 0.003 0.004
17 17 (2) 1 : 0.074 0.000 0.032 0.840 0.001 0.053
18 18 (2) 1 : 0.000 0.000 1.000 0.000 0.000 0.000
19 19 (2) 1 : 0.000 0.000 0.002 0.990 0.000 0.007
20 20 (5) 1 : 0.714 0.000 0.000 0.285 0.000 0.000
21 21 (5) 1 : 0.003 0.000 0.000 0.918 0.022 0.056
22 22 (5) 1 : 0.999 0.000 0.000 0.000 0.000 0.000
23 23 (2) 1 : 0.000 0.000 0.011 0.981 0.003 0.005
1 1 (2) 1 : 0.976 0.010 0.013 0.001 0.000 0.000
2 2 (4) 1 : 0.003 0.092 0.890 0.014 0.000 0.000
3 3 (2) 1 : 0.000 0.695 0.001 0.000 0.303 0.000
4 4 (5) 1 : 0.000 0.999 0.001 0.000 0.000 0.000
5 5 (4) 1 : 0.036 0.849 0.115 0.000 0.000 0.000
6 6 (4) 1 : 0.000 0.896 0.104 0.000 0.000 0.000
7 7 (2) 1 : 0.007 0.964 0.027 0.000 0.001 0.000
8 8 (4) 1 : 0.001 0.041 0.329 0.628 0.000 0.000
9 9 (2) 1 : 0.001 0.000 0.000 0.921 0.011 0.068
10 10 (2) 1 : 0.000 0.000 0.000 0.007 0.000 0.993
11 11 (2) 1 : 0.005 0.000 0.000 0.773 0.001 0.222
12 12 (2) 1 : 0.001 0.000 0.000 0.551 0.372 0.076
13 13 (5) 1 : 0.000 0.103 0.892 0.004 0.000 0.000
14 14 (18) 1 : 0.000 0.097 0.901 0.001 0.000 0.000
15 15 (4) 1 : 0.001 0.015 0.983 0.001 0.001 0.000
16 16 (2) 1 : 0.100 0.001 0.036 0.001 0.003 0.860
17 17 (2) 1 : 0.001 0.069 0.421 0.476 0.032 0.000
18 18 (2) 1 : 0.000 0.000 0.000 0.000 0.999 0.000
19 19 (2) 1 : 0.001 0.018 0.980 0.000 0.000 0.000
20 20 (5) 1 : 0.001 0.006 0.363 0.629 0.001 0.000
21 21 (5) 1 : 0.000 0.083 0.913 0.003 0.000 0.000
22 22 (5) 1 : 0.000 0.000 0.999 0.000 0.000 0.000
23 23 (2) 1 : 0.000 0.022 0.939 0.007 0.032 0.000
1 1 (2) 1 : 0.000 0.000 0.003 0.022 0.973 0.001
2 2 (4) 1 : 0.000 0.000 0.084 0.896 0.000 0.020
3 3 (2) 1 : 0.000 0.000 0.690 0.000 0.309 0.000
4 4 (5) 1 : 0.000 0.000 0.999 0.000 0.000 0.000
5 5 (4) 1 : 0.001 0.000 0.861 0.121 0.002 0.015
6 6 (4) 1 : 0.008 0.000 0.912 0.045 0.000 0.036
7 7 (2) 1 : 0.000 0.000 0.983 0.015 0.001 0.001
8 8 (4) 1 : 0.006 0.000 0.060 0.888 0.000 0.045
9 9 (2) 1 : 0.936 0.064 0.000 0.000 0.000 0.000
10 10 (2) 1 : 0.005 0.995 0.000 0.000 0.000 0.000
11 11 (2) 1 : 0.781 0.218 0.000 0.000 0.001 0.000
12 12 (2) 1 : 0.923 0.075 0.000 0.000 0.000 0.001
13 13 (5) 1 : 0.001 0.000 0.096 0.860 0.009 0.033
14 14 (18) 1 : 0.000 0.000 0.088 0.909 0.003 0.000
15 15 (4) 1 : 0.000 0.000 0.000 0.990 0.003 0.006
16 16 (2) 1 : 0.000 0.862 0.009 0.112 0.002 0.016
17 17 (2) 1 : 0.001 0.000 0.070 0.928 0.001 0.001
18 18 (2) 1 : 0.997 0.000 0.000 0.000 0.000 0.002
19 19 (2) 1 : 0.000 0.000 0.010 0.983 0.002 0.004
20 20 (5) 1 : 0.000 0.000 0.002 0.976 0.000 0.022
21 21 (5) 1 : 0.000 0.000 0.074 0.918 0.001 0.006
22 22 (5) 1 : 0.000 0.000 0.000 0.000 0.000 0.999
23 23 (2) 1 : 0.000 0.000 0.000 0.903 0.025 0.070
1 1 (2) 1 : 0.039 0.807 0.094 0.013 0.000 0.047
2 2 (4) 1 : 0.049 0.001 0.875 0.073 0.000 0.001
3 3 (2) 1 : 0.000 0.052 0.274 0.671 0.000 0.002
4 4 (5) 1 : 0.000 0.001 0.029 0.969 0.000 0.000
5 5 (4) 1 : 0.097 0.001 0.075 0.827 0.000 0.000
6 6 (4) 1 : 0.002 0.000 0.133 0.863 0.000 0.001
7 7 (2) 1 : 0.006 0.001 0.060 0.932 0.000 0.000
8 8 (4) 1 : 0.526 0.145 0.292 0.036 0.000 0.001
9 9 (2) 1 : 0.000 0.000 0.000 0.000 0.063 0.936
10 10 (2) 1 : 0.000 0.000 0.000 0.000 0.999 0.000
11 11 (2) 1 : 0.000 0.212 0.000 0.000 0.216 0.571
12 12 (2) 1 : 0.000 0.001 0.000 0.000 0.075 0.924
13 13 (5) 1 : 0.067 0.001 0.842 0.089 0.000 0.001
14 14 (18) 1 : 0.022 0.001 0.899 0.078 0.000 0.000
15 15 (4) 1 : 0.026 0.001 0.970 0.003 0.000 0.000
16 16 (2) 1 : 0.069 0.001 0.058 0.009 0.863 0.000
17 17 (2) 1 : 0.110 0.002 0.814 0.051 0.000 0.023
18 18 (2) 1 : 0.000 0.001 0.000 0.000 0.000 0.999
19 19 (2) 1 : 0.010 0.000 0.986 0.002 0.000 0.000
20 20 (5) 1 : 0.519 0.002 0.438 0.001 0.000 0.039
21 21 (5) 1 : 0.014 0.000 0.920 0.065 0.000 0.001
22 22 (5) 1 : 0.999 0.000 0.000 0.000 0.000 0.000
23 23 (2) 1 : 0.018 0.009 0.971 0.002 0.000 0.000
1 1 (2) 1 : 0.028 0.063 0.904 0.000 0.002 0.003
2 2 (4) 1 : 0.067 0.022 0.002 0.000 0.908 0.000
3 3 (2) 1 : 0.692 0.001 0.022 0.000 0.227 0.059
4 4 (5) 1 : 0.999 0.000 0.000 0.000 0.001 0.000
5 5 (4) 1 : 0.847 0.013 0.139 0.000 0.000 0.001
6 6 (4) 1 : 0.891 0.027 0.000 0.000 0.078 0.003
7 7 (2) 1 : 0.958 0.002 0.001 0.000 0.038 0.001
8 8 (4) 1 : 0.004 0.017 0.978 0.000 0.001 0.001
9 9 (2) 1 : 0.000 0.000 0.000 0.087 0.000 0.913
10 10 (2) 1 : 0.000 0.000 0.000 1.000 0.000 0.000
11 11 (2) 1 : 0.000 0.000 0.001 0.233 0.004 0.762
12 12 (2) 1 : 0.000 0.000 0.714 0.109 0.000 0.177
13 13 (5) 1 : 0.080 0.042 0.027 0.000 0.809 0.042
14 14 (18) 1 : 0.069 0.011 0.001 0.000 0.920 0.000
15 15 (4) 1 : 0.000 0.003 0.019 0.000 0.977 0.001
16 16 (2) 1 : 0.002 0.085 0.001 0.858 0.054 0.000
17 17 (2) 1 : 0.050 0.000 0.010 0.000 0.869 0.071
18 18 (2) 1 : 0.000 0.467 0.000 0.000 0.000 0.532
19 19 (2) 1 : 0.001 0.001 0.000 0.000 0.997 0.000
20 20 (5) 1 : 0.000 0.009 0.986 0.000 0.005 0.000
21 21 (5) 1 : 0.055 0.007 0.000 0.000 0.932 0.007
22 22 (5) 1 : 0.000 0.999 0.000 0.000 0.000 0.000
23 23 (2) 1 : 0.001 0.003 0.001 0.000 0.995 0.001
1 1 (2) 1 : 0.002 0.000 0.175 0.019 0.755 0.048
2 2 (4) 1 : 0.001 0.000 0.871 0.033 0.006 0.089
3 3 (2) 1 : 0.187 0.000 0.049 0.000 0.079 0.684
4 4 (5) 1 : 0.000 0.000 0.000 0.000 0.001 0.999
5 5 (4) 1 : 0.002 0.000 0.126 0.021 0.000 0.849
6 6 (4) 1 : 0.000 0.000 0.114 0.000 0.001 0.885
7 7 (2) 1 : 0.001 0.000 0.040 0.007 0.001 0.952
8 8 (4) 1 : 0.000 0.000 0.906 0.041 0.000 0.052
9 9 (2) 1 : 0.000 0.079 0.235 0.072 0.614 0.000
10 10 (2) 1 : 0.000 0.985 0.000 0.000 0.014 0.000
11 11 (2) 1 : 0.000 0.216 0.000 0.000 0.783 0.000
12 12 (2) 1 : 0.014 0.078 0.020 0.000 0.887 0.000
13 13 (5) 1 : 0.392 0.000 0.493 0.033 0.008 0.074
14 14 (18) 1 : 0.001 0.000 0.894 0.016 0.001 0.087
15 15 (4) 1 : 0.002 0.000 0.985 0.012 0.001 0.001
16 16 (2) 1 : 0.063 0.851 0.048 0.034 0.004 0.000
17 17 (2) 1 : 0.012 0.000 0.927 0.001 0.001 0.059
18 18 (2) 1 : 0.000 0.000 0.456 0.543 0.000 0.000
19 19 (2) 1 : 0.909 0.000 0.091 0.000 0.000 0.000
20 20 (5) 1 : 0.001 0.000 0.966 0.029 0.001 0.003
21 21 (5) 1 : 0.059 0.000 0.865 0.010 0.000 0.066
22 22 (5) 1 : 0.000 0.000 0.000 0.999 0.000 0.000
23 23 (2) 1 : 0.005 0.000 0.974 0.011 0.001 0.010
1 1 (2) 1 : 0.046 0.282 0.179 0.491 0.000 0.002
2 2 (4) 1 : 0.063 0.042 0.000 0.138 0.000 0.756
3 3 (2) 1 : 0.700 0.013 0.009 0.188 0.000 0.090
4 4 (5) 1 : 0.999 0.000 0.000 0.000 0.000 0.001
5 5 (4) 1 : 0.855 0.000 0.003 0.121 0.000 0.021
6 6 (4) 1 : 0.900 0.037 0.000 0.000 0.000 0.063
7 7 (2) 1 : 0.971 0.024 0.002 0.002 0.000 0.001
8 8 (4) 1 : 0.034 0.001 0.681 0.020 0.000 0.264
9 9 (2) 1 : 0.000 0.001 0.914 0.000 0.084 0.001
10 10 (2) 1 : 0.000 0.000 0.023 0.000 0.977 0.000
11 11 (2) 1 : 0.000 0.000 0.448 0.005 0.235 0.312
12 12 (2) 1 : 0.000 0.001 0.701 0.000 0.096 0.201
13 13 (5) 1 : 0.072 0.029 0.000 0.264 0.000 0.635
14 14 (18) 1 : 0.068 0.084 0.000 0.003 0.000 0.845
15 15 (4) 1 : 0.000 0.001 0.000 0.002 0.000 0.996
16 16 (2) 1 : 0.005 0.047 0.000 0.078 0.847 0.022
17 17 (2) 1 : 0.041 0.180 0.001 0.000 0.000 0.777
18 18 (2) 1 : 0.000 1.000 0.000 0.000 0.000 0.000
19 19 (2) 1 : 0.001 0.848 0.000 0.002 0.000 0.149
20 20 (5) 1 : 0.000 0.000 0.664 0.012 0.000 0.323
21 21 (5) 1 : 0.044 0.000 0.003 0.002 0.000 0.950
22 22 (5) 1 : 0.000 0.000 0.000 1.000 0.000 0.000
23 23 (2) 1 : 0.000 0.825 0.000 0.001 0.000 0.174
1 1 (2) 1 : 0.012 0.734 0.010 0.189 0.000 0.055
2 2 (4) 1 : 0.167 0.012 0.011 0.685 0.000 0.124
3 3 (2) 1 : 0.233 0.000 0.002 0.050 0.000 0.714
4 4 (5) 1 : 0.000 0.000 0.000 0.000 0.000 0.999
5 5 (4) 1 : 0.000 0.067 0.000 0.064 0.000 0.869
6 6 (4) 1 : 0.004 0.009 0.003 0.068 0.000 0.916
7 7 (2) 1 : 0.004 0.000 0.003 0.007 0.000 0.984
8 8 (4) 1 : 0.147 0.007 0.001 0.754 0.000 0.092
9 9 (2) 1 : 0.001 0.000 0.971 0.000 0.027 0.000
10 10 (2) 1 : 0.000 0.000 0.002 0.000 0.997 0.000
11 11 (2) 1 : 0.052 0.000 0.754 0.000 0.194 0.000
12 12 (2) 1 : 0.000 0.001 0.958 0.000 0.041 0.000
13 13 (5) 1 : 0.004 0.316 0.003 0.565 0.000 0.112
14 14 (18) 1 : 0.002 0.185 0.000 0.688 0.000 0.125
15 15 (4) 1 : 0.240 0.015 0.003 0.702 0.000 0.040
16 16 (2) 1 : 0.009 0.009 0.000 0.104 0.875 0.002
17 17 (2) 1 : 0.467 0.000 0.002 0.453 0.000 0.077
18 18 (2) 1 : 0.999 0.000 0.000 0.001 0.000 0.000
19 19 (2) 1 : 0.000 0.724 0.000 0.258 0.000 0.017
20 20 (5) 1 : 0.100 0.033 0.000 0.829 0.000 0.038
21 21 (5) 1 : 0.027 0.270 0.008 0.598 0.001 0.096
22 22 (5) 1 : 0.000 0.000 0.000 1.000 0.000 0.000
23 23 (2) 1 : 0.595 0.001 0.000 0.389 0.000 0.014
1 1 (2) 1 : 0.103 0.769 0.000 0.076 0.025 0.026
2 2 (4) 1 : 0.032 0.882 0.000 0.081 0.001 0.005
3 3 (2) 1 : 0.000 0.270 0.000 0.705 0.001 0.023
4 4 (5) 1 : 0.000 0.000 0.000 0.999 0.000 0.000
5 5 (4) 1 : 0.018 0.110 0.000 0.872 0.000 0.000
6 6 (4) 1 : 0.030 0.021 0.000 0.924 0.000 0.024
7 7 (2) 1 : 0.001 0.007 0.000 0.985 0.001 0.006
8 8 (4) 1 : 0.022 0.001 0.000 0.002 0.000 0.975
9 9 (2) 1 : 0.000 0.000 0.033 0.000 0.967 0.000
10 10 (2) 1 : 0.000 0.000 0.925 0.000 0.075 0.000
11 11 (2) 1 : 0.000 0.000 0.182 0.000 0.769 0.048
12 12 (2) 1 : 0.000 0.004 0.043 0.000 0.925 0.028
13 13 (5) 1 : 0.044 0.860 0.000 0.092 0.001 0.003
14 14 (18) 1 : 0.020 0.852 0.000 0.085 0.003 0.041
15 15 (4) 1 : 0.012 0.984 0.000 0.002 0.000 0.001
16 16 (2) 1 : 0.054 0.130 0.813 0.001 0.001 0.000
17 17 (2) 1 : 0.005 0.292 0.000 0.012 0.002 0.689
18 18 (2) 1 : 0.421 0.577 0.000 0.000 0.001 0.001
19 19 (2) 1 : 0.006 0.980 0.000 0.010 0.000 0.004
20 20 (5) 1 : 0.010 0.001 0.000 0.000 0.000 0.989
21 21 (5) 1 : 0.015 0.847 0.000 0.067 0.033 0.038
22 22 (5) 1 : 0.999 0.000 0.000 0.000 0.000 0.000
23 23 (2) 1 : 0.012 0.866 0.000 0.011 0.000 0.111
1 1 (2) 1 : 0.611 0.011 0.000 0.069 0.234 0.075
2 2 (4) 1 : 0.000 0.000 0.000 0.085 0.885 0.029
3 3 (2) 1 : 0.025 0.003 0.000 0.702 0.270 0.000
4 4 (5) 1 : 0.000 0.000 0.000 0.999 0.000 0.000
5 5 (4) 1 : 0.017 0.000 0.000 0.867 0.018 0.097
6 6 (4) 1 : 0.014 0.000 0.000 0.899 0.085 0.001
7 7 (2) 1 : 0.001 0.001 0.000 0.977 0.019 0.002
8 8 (4) 1 : 0.010 0.000 0.000 0.049 0.422 0.518
9 9 (2) 1 : 0.000 0.957 0.031 0.000 0.003 0.009
10 10 (2) 1 : 0.000 0.056 0.944 0.000 0.000 0.000
11 11 (2) 1 : 0.001 0.817 0.181 0.000 0.000 0.000
12 12 (2) 1 : 0.000 0.957 0.039 0.000 0.003 0.000
13 13 (5) 1 : 0.001 0.002 0.000 0.097 0.870 0.030
14 14 (18) 1 : 0.000 0.010 0.000 0.087 0.884 0.018
15 15 (4) 1 : 0.000 0.000 0.000 0.010 0.976 0.013
16 16 (2) 1 : 0.021 0.002 0.835 0.003 0.113 0.026
17 17 (2) 1 : 0.029 0.004 0.000 0.063 0.903 0.000
18 18 (2) 1 : 0.996 0.000 0.000 0.000 0.000 0.004
19 19 (2) 1 : 0.011 0.000 0.000 0.017 0.966 0.007
20 20 (5) 1 : 0.000 0.000 0.000 0.008 0.498 0.493
21 21 (5) 1 : 0.001 0.001 0.000 0.069 0.925 0.005
22 22 (5) 1 : 0.000 0.000 0.000 0.000 0.000 0.999
23 23 (2) 1 : 0.013 0.055 0.000 0.022 0.903 0.007
