959691
920101
451503
633614
708082
880864
848700
667983
998975
577436
186440
444800
212127
403385
592219
759857
684761
826283
251136
420027
709774
981265
443179
588617
825391
789966
678016
505042
348326
873177
965957
864610
935499
159868
548923
294939
343679
459899
581463
329706
586122
907630
188908
872601
380316
485329
217436
820555
827736
769802
358781
965965
168583
784462
843735
202782
244130
444345
958505
933054
161125
649584
434491
668873
469633
178173
660427
727142
273585
286845
408311
902958
446448
688901
507279
859753
345660
213777
319180
795489
458372
744896
950841
102809
351882
589801
316175
218950
661041
915954
225507
532464
161631
108497
312857
354208
125156
423560
865089
389185
187124
280695
765592
627062
657466
683916
245048
365425
569208
943036
555176
867989
586201
858551
352612
371641
537453
300014
207402
797178
128047
774898
213849
691195
814223
645418
112444
815593
531601
258657
525961
640884
591929
677460
487120
683521
253013
990443
955466
500138
886558
689258
548956
360655
440121
865831
490131
426566
800695
986834
386624
666070
778869
906733
269725
539754
797635
571718
188299
500825
458509
721998
632879
618929
738054
273789
744122
491637
403118
241055
250847
145440
158663
699433
342605
741539
930295
136527
188116
389917
547969
662712
218372
986582
999370
977125
742861
148822
167125
176475
360857
895087
238101
192350
121678
454665
324735
761717
955888
784137
181642
334668
378449
820458
333167
307244
750764
503753
842316
286721
789442
573898
357959
252750
858153
971027
338820
190814
771824
387609
503547
795434
495202
497781
173446
921946
465946
215018
224327
838159
768824
788365
464606
422094
926063
777635
642417
765855
275739
887604
513981
500936
106599
264472
839802
793207
474539
861474
694885
632483
912609
383945
286928
901610
564871
821282
558482
971214
533554
890316
852320
465206
357375
323995
450701
912450
422504
408378
104871
625793
514914
634793
275174
542455
814194
494683
793381
570976
596694
832342
2245
2245
212207
862514
827429
215778
377281
542518
293805
294029
730078
830048
811995
743676
550983
173565
547963
716507
569045
497981
539354
305851
691390
449832
776230
470994
468297
738501
651116
311170
609033
241884
973206
248880
619667
753339
809574
846597
212207
862514
827429
215778
377281
542518
293805
294029
730078
811995
743676
830048
550983
173565
547963
716507
569045
497981
305851
539354
691390
449832
776230
468297
470994
738501
651116
311170
609033
241884
248880
973206
846597
753339
619667
809574
890508
482302
985692
978396
573122
545487
483512
888786
297622
336672
875385
396505
144840
574497
552824
117635
967852
662451
505954
319776
579031
845006
264257
647059
502951
161458
593942
421227
282452
543255
501509
215408
251395
830926
865858
266730
871556
813978
969552
200691
979314
288137
331097
495691
434830
518496
759023
910874
952667
800474
374281
108585
730176
114758
582330
386619
951400
330410
778105
951881
954491
385280
498595
497344
