1 1 (2) 1 : 0.000 0.004 0.055 0.160 0.781
2 2 (4) 1 : 0.000 0.035 0.062 0.020 0.883
3 3 (2) 1 : 0.000 0.130 0.674 0.000 0.195
4 4 (5) 1 : 0.000 0.005 0.980 0.000 0.015
5 5 (4) 1 : 0.000 0.008 0.832 0.010 0.150
6 6 (4) 1 : 0.000 0.048 0.873 0.000 0.079
7 7 (2) 1 : 0.000 0.001 0.938 0.010 0.051
8 8 (4) 1 : 0.000 0.966 0.012 0.021 0.001
9 9 (2) 1 : 0.101 0.698 0.000 0.000 0.200
10 10 (2) 1 : 0.999 0.001 0.000 0.000 0.000
11 11 (2) 1 : 0.244 0.755 0.000 0.000 0.000
12 12 (2) 1 : 0.109 0.856 0.000 0.035 0.000
13 13 (5) 1 : 0.000 0.001 0.071 0.031 0.897
14 14 (18) 1 : 0.000 0.353 0.066 0.009 0.572
15 15 (4) 1 : 0.000 0.042 0.001 0.004 0.952
16 16 (2) 1 : 0.844 0.000 0.010 0.106 0.040
17 17 (2) 1 : 0.000 0.552 0.031 0.000 0.416
18 18 (2) 1 : 0.000 0.028 0.000 0.621 0.351
19 19 (2) 1 : 0.000 0.000 0.001 0.002 0.997
20 20 (5) 1 : 0.000 0.981 0.000 0.016 0.003
21 21 (5) 1 : 0.000 0.384 0.046 0.008 0.562
22 22 (5) 1 : 0.000 0.000 0.001 0.997 0.002
23 23 (2) 1 : 0.000 0.000 0.001 0.003 0.995
