1 1 (2) 1 : 0.936 0.064 0.000
2 2 (4) 1 : 0.924 0.076 0.000
3 3 (2) 1 : 0.293 0.707 0.000
4 4 (5) 1 : 0.000 1.000 0.000
5 5 (4) 1 : 0.133 0.867 0.000
6 6 (4) 1 : 0.092 0.908 0.000
7 7 (2) 1 : 0.013 0.987 0.000
8 8 (4) 1 : 0.949 0.051 0.000
9 9 (2) 1 : 0.840 0.000 0.159
10 10 (2) 1 : 0.000 0.000 1.000
11 11 (2) 1 : 0.704 0.000 0.295
12 12 (2) 1 : 0.830 0.000 0.170
13 13 (5) 1 : 0.911 0.089 0.000
14 14 (18) 1 : 0.916 0.084 0.000
15 15 (4) 1 : 0.998 0.002 0.000
16 16 (2) 1 : 0.136 0.017 0.847
17 17 (2) 1 : 0.939 0.060 0.000
18 18 (2) 1 : 1.000 0.000 0.000
19 19 (2) 1 : 0.989 0.011 0.000
20 20 (5) 1 : 0.999 0.001 0.000
21 21 (5) 1 : 0.932 0.068 0.000
22 22 (5) 1 : 1.000 0.000 0.000
23 23 (2) 1 : 0.993 0.006 0.000
1 1 (2) 1 : 0.929 0.000 0.071
2 2 (4) 1 : 0.917 0.000 0.083
3 3 (2) 1 : 0.288 0.000 0.712
4 4 (5) 1 : 0.000 0.000 1.000
5 5 (4) 1 : 0.126 0.000 0.874
6 6 (4) 1 : 0.084 0.000 0.916
7 7 (2) 1 : 0.005 0.000 0.995
8 8 (4) 1 : 0.951 0.000 0.048
9 9 (2) 1 : 0.836 0.163 0.000
10 10 (2) 1 : 0.000 1.000 0.000
11 11 (2) 1 : 0.701 0.299 0.000
12 12 (2) 1 : 0.827 0.173 0.000
13 13 (5) 1 : 0.909 0.000 0.091
14 14 (18) 1 : 0.913 0.000 0.087
15 15 (4) 1 : 0.997 0.000 0.003
16 16 (2) 1 : 0.130 0.847 0.023
17 17 (2) 1 : 0.935 0.000 0.065
18 18 (2) 1 : 1.000 0.000 0.000
19 19 (2) 1 : 0.990 0.000 0.010
20 20 (5) 1 : 0.999 0.000 0.001
21 21 (5) 1 : 0.930 0.000 0.070
22 22 (5) 1 : 1.000 0.000 0.000
23 23 (2) 1 : 0.990 0.000 0.010
1 1 (2) 1 : 0.928 0.072 0.000
2 2 (4) 1 : 0.918 0.082 0.000
3 3 (2) 1 : 0.289 0.711 0.000
4 4 (5) 1 : 0.000 1.000 0.000
5 5 (4) 1 : 0.133 0.867 0.000
6 6 (4) 1 : 0.088 0.912 0.000
7 7 (2) 1 : 0.010 0.990 0.000
8 8 (4) 1 : 0.950 0.050 0.000
9 9 (2) 1 : 0.833 0.000 0.167
10 10 (2) 1 : 0.000 0.000 1.000
11 11 (2) 1 : 0.692 0.000 0.308
12 12 (2) 1 : 0.821 0.000 0.178
13 13 (5) 1 : 0.906 0.094 0.000
14 14 (18) 1 : 0.912 0.088 0.000
15 15 (4) 1 : 0.998 0.002 0.000
16 16 (2) 1 : 0.121 0.026 0.853
17 17 (2) 1 : 0.936 0.064 0.000
18 18 (2) 1 : 1.000 0.000 0.000
19 19 (2) 1 : 0.986 0.014 0.000
20 20 (5) 1 : 0.999 0.001 0.000
21 21 (5) 1 : 0.928 0.071 0.000
22 22 (5) 1 : 1.000 0.000 0.000
23 23 (2) 1 : 0.989 0.011 0.000
1 1 (2) 1 : 0.077 0.923 0.000
2 2 (4) 1 : 0.086 0.914 0.000
3 3 (2) 1 : 0.708 0.292 0.000
4 4 (5) 1 : 0.999 0.001 0.000
5 5 (4) 1 : 0.861 0.139 0.000
6 6 (4) 1 : 0.902 0.098 0.000
7 7 (2) 1 : 0.973 0.027 0.000
8 8 (4) 1 : 0.053 0.947 0.000
9 9 (2) 1 : 0.000 0.825 0.175
10 10 (2) 1 : 0.000 0.000 1.000
11 11 (2) 1 : 0.000 0.683 0.316
12 12 (2) 1 : 0.000 0.812 0.188
13 13 (5) 1 : 0.097 0.903 0.000
14 14 (18) 1 : 0.091 0.909 0.000
15 15 (4) 1 : 0.003 0.997 0.000
16 16 (2) 1 : 0.019 0.127 0.853
17 17 (2) 1 : 0.070 0.930 0.000
18 18 (2) 1 : 0.000 1.000 0.000
19 19 (2) 1 : 0.018 0.982 0.000
20 20 (5) 1 : 0.001 0.999 0.000
21 21 (5) 1 : 0.076 0.924 0.000
22 22 (5) 1 : 0.000 1.000 0.000
23 23 (2) 1 : 0.014 0.986 0.000
1 1 (2) 1 : 0.933 0.000 0.066
2 2 (4) 1 : 0.921 0.000 0.079
3 3 (2) 1 : 0.290 0.000 0.710
4 4 (5) 1 : 0.001 0.000 0.999
5 5 (4) 1 : 0.130 0.000 0.870
6 6 (4) 1 : 0.090 0.000 0.910
7 7 (2) 1 : 0.005 0.000 0.995
8 8 (4) 1 : 0.952 0.000 0.047
9 9 (2) 1 : 0.841 0.159 0.000
10 10 (2) 1 : 0.000 1.000 0.000
11 11 (2) 1 : 0.705 0.295 0.001
12 12 (2) 1 : 0.829 0.171 0.000
13 13 (5) 1 : 0.913 0.000 0.086
14 14 (18) 1 : 0.915 0.000 0.085
15 15 (4) 1 : 0.998 0.000 0.002
16 16 (2) 1 : 0.141 0.845 0.013
17 17 (2) 1 : 0.941 0.000 0.059
18 18 (2) 1 : 1.000 0.000 0.000
19 19 (2) 1 : 0.994 0.000 0.006
20 20 (5) 1 : 0.999 0.000 0.001
21 21 (5) 1 : 0.933 0.000 0.067
22 22 (5) 1 : 1.000 0.000 0.000
23 23 (2) 1 : 0.995 0.000 0.005
1 1 (2) 1 : 0.932 0.068 0.000
2 2 (4) 1 : 0.919 0.081 0.000
3 3 (2) 1 : 0.292 0.707 0.000
4 4 (5) 1 : 0.000 1.000 0.000
5 5 (4) 1 : 0.136 0.863 0.000
6 6 (4) 1 : 0.095 0.905 0.000
7 7 (2) 1 : 0.023 0.977 0.000
8 8 (4) 1 : 0.955 0.045 0.000
9 9 (2) 1 : 0.836 0.000 0.164
10 10 (2) 1 : 0.000 0.000 1.000
11 11 (2) 1 : 0.700 0.000 0.300
12 12 (2) 1 : 0.826 0.000 0.174
13 13 (5) 1 : 0.911 0.089 0.000
14 14 (18) 1 : 0.915 0.085 0.000
15 15 (4) 1 : 0.999 0.001 0.000
16 16 (2) 1 : 0.143 0.011 0.846
17 17 (2) 1 : 0.936 0.064 0.000
18 18 (2) 1 : 1.000 0.000 0.000
19 19 (2) 1 : 0.985 0.015 0.000
20 20 (5) 1 : 0.999 0.001 0.000
21 21 (5) 1 : 0.930 0.070 0.000
22 22 (5) 1 : 1.000 0.000 0.000
23 23 (2) 1 : 0.990 0.010 0.000
1 1 (2) 1 : 0.071 0.929 0.000
2 2 (4) 1 : 0.084 0.916 0.000
3 3 (2) 1 : 0.714 0.286 0.000
4 4 (5) 1 : 1.000 0.000 0.000
5 5 (4) 1 : 0.873 0.127 0.000
6 6 (4) 1 : 0.914 0.086 0.000
7 7 (2) 1 : 0.989 0.011 0.000
8 8 (4) 1 : 0.051 0.949 0.000
9 9 (2) 1 : 0.000 0.839 0.161
10 10 (2) 1 : 0.000 0.000 1.000
11 11 (2) 1 : 0.000 0.703 0.297
12 12 (2) 1 : 0.000 0.829 0.171
13 13 (5) 1 : 0.092 0.908 0.000
14 14 (18) 1 : 0.089 0.911 0.000
15 15 (4) 1 : 0.002 0.998 0.000
16 16 (2) 1 : 0.029 0.121 0.850
17 17 (2) 1 : 0.063 0.937 0.000
18 18 (2) 1 : 0.000 1.000 0.000
19 19 (2) 1 : 0.011 0.989 0.000
20 20 (5) 1 : 0.001 0.999 0.000
21 21 (5) 1 : 0.071 0.929 0.000
22 22 (5) 1 : 0.000 1.000 0.000
23 23 (2) 1 : 0.010 0.990 0.000
1 1 (2) 1 : 0.000 0.070 0.930
2 2 (4) 1 : 0.000 0.081 0.919
3 3 (2) 1 : 0.000 0.712 0.288
4 4 (5) 1 : 0.000 1.000 0.000
5 5 (4) 1 : 0.000 0.871 0.129
6 6 (4) 1 : 0.000 0.914 0.086
7 7 (2) 1 : 0.000 0.993 0.006
8 8 (4) 1 : 0.000 0.044 0.956
9 9 (2) 1 : 0.160 0.000 0.840
10 10 (2) 1 : 1.000 0.000 0.000
11 11 (2) 1 : 0.297 0.000 0.703
12 12 (2) 1 : 0.171 0.000 0.829
13 13 (5) 1 : 0.000 0.090 0.909
14 14 (18) 1 : 0.000 0.084 0.916
15 15 (4) 1 : 0.000 0.002 0.998
16 16 (2) 1 : 0.852 0.019 0.129
17 17 (2) 1 : 0.000 0.060 0.940
18 18 (2) 1 : 0.000 0.000 1.000
19 19 (2) 1 : 0.000 0.007 0.993
20 20 (5) 1 : 0.000 0.001 0.999
21 21 (5) 1 : 0.000 0.070 0.930
22 22 (5) 1 : 0.000 0.000 1.000
23 23 (2) 1 : 0.000 0.006 0.994
1 1 (2) 1 : 0.932 0.068 0.000
2 2 (4) 1 : 0.919 0.081 0.000
3 3 (2) 1 : 0.292 0.708 0.000
4 4 (5) 1 : 0.000 1.000 0.000
5 5 (4) 1 : 0.133 0.867 0.000
6 6 (4) 1 : 0.091 0.909 0.000
7 7 (2) 1 : 0.012 0.988 0.000
8 8 (4) 1 : 0.954 0.046 0.000
9 9 (2) 1 : 0.828 0.000 0.172
10 10 (2) 1 : 0.000 0.000 1.000
11 11 (2) 1 : 0.686 0.001 0.314
12 12 (2) 1 : 0.816 0.000 0.184
13 13 (5) 1 : 0.909 0.091 0.000
14 14 (18) 1 : 0.914 0.086 0.000
15 15 (4) 1 : 0.999 0.001 0.000
16 16 (2) 1 : 0.124 0.022 0.854
17 17 (2) 1 : 0.935 0.064 0.000
18 18 (2) 1 : 0.999 0.000 0.000
19 19 (2) 1 : 0.989 0.010 0.000
20 20 (5) 1 : 0.999 0.001 0.000
21 21 (5) 1 : 0.930 0.070 0.000
22 22 (5) 1 : 1.000 0.000 0.000
23 23 (2) 1 : 0.992 0.008 0.000
1 1 (2) 1 : 0.000 0.068 0.932
2 2 (4) 1 : 0.000 0.079 0.921
3 3 (2) 1 : 0.000 0.707 0.293
4 4 (5) 1 : 0.000 1.000 0.000
5 5 (4) 1 : 0.000 0.864 0.136
6 6 (4) 1 : 0.000 0.905 0.095
7 7 (2) 1 : 0.000 0.981 0.019
8 8 (4) 1 : 0.000 0.049 0.951
9 9 (2) 1 : 0.165 0.000 0.835
10 10 (2) 1 : 1.000 0.000 0.000
11 11 (2) 1 : 0.305 0.000 0.695
12 12 (2) 1 : 0.175 0.000 0.824
13 13 (5) 1 : 0.000 0.089 0.911
14 14 (18) 1 : 0.000 0.088 0.912
15 15 (4) 1 : 0.000 0.002 0.998
16 16 (2) 1 : 0.853 0.009 0.138
17 17 (2) 1 : 0.000 0.062 0.938
18 18 (2) 1 : 0.000 0.000 1.000
19 19 (2) 1 : 0.000 0.010 0.990
20 20 (5) 1 : 0.000 0.001 0.999
21 21 (5) 1 : 0.000 0.068 0.932
22 22 (5) 1 : 0.000 0.000 1.000
23 23 (2) 1 : 0.000 0.011 0.988
