-------------------------------------------------------------------------------
 L       Percentage of nodes in the largest component
 D       Percentage of nodes in components of size at most 3 [-div option]
 R       Percentage of nodes not in L or D: 100 - L -D
 S       Percentage of nodes that are singletons
 E       Fraction of edges retained (input graph has 90)
 cce     Expected size of component, nodewise [ sum(sz^2) / sum^2(sz) ]
 EW      Edge weight traits (mean, median and IQR)
 ND      Node degree traits [mean, median and IQR]
 CCF     Clustering coefficient (scale 1-100)
 eff     Induced component efficiency relative to start graph (scale 1-1000)
Total number of nodes: 10
----------------------------------------------------------------------------------------------
  L   D   R   S     E     cce  EWmean   EWmed   EWiqr  NDmean   NDmed  NDiqr CCF  eff  Cutoff 
----------------------------------------------------------------------------------------------
100   0   0   0 1.000      10    0.69    0.68    0.12     9.0     9.5    0.5   -    -     0.50
100   0   0   0 1.000      10    0.69    0.68    0.12     9.0     9.5    0.5   -    -     0.51
100   0   0   0 1.000      10    0.69    0.68    0.12     9.0     9.5    0.5   -    -     0.52
100   0   0   0 0.978      10    0.69    0.69    0.10     8.8     9.5    0.5   -    -     0.53
100   0   0   0 0.956      10    0.70    0.69    0.10     8.6     9.5    1.0   -    -     0.54
100   0   0   0 0.911      10    0.70    0.69    0.09     8.2     8.5    1.5   -    -     0.55
100   0   0   0 0.889      10    0.71    0.69    0.09     8.0     8.5    1.5   -    -     0.56
100   0   0   0 0.889      10    0.71    0.69    0.09     8.0     8.5    1.5   -    -     0.57
100   0   0   0 0.889      10    0.71    0.69    0.09     8.0     8.5    1.5   -    -     0.58
100   0   0   0 0.867      10    0.71    0.69    0.09     7.8     8.5    1.0   -    -     0.59
100   0   0   0 0.778      10    0.72    0.69    0.09     7.0     8.5    1.0   -    -     0.60
100   0   0   0 0.778      10    0.72    0.69    0.09     7.0     8.5    1.0   -    -     0.61
100   0   0   0 0.733      10    0.73    0.71    0.09     6.6     7.5    1.5   -    -     0.62
100   0   0   0 0.733      10    0.73    0.71    0.09     6.6     7.5    1.5   -    -     0.63
100   0   0   0 0.711      10    0.73    0.71    0.08     6.4     7.5    1.5   -    -     0.64
100   0   0   0 0.711      10    0.73    0.71    0.08     6.4     7.5    1.5   -    -     0.65
 90  10   0  10 0.622       8    0.74    0.72    0.09     5.6     6.5    1.5   -    -     0.66
 90  10   0  10 0.533       8    0.76    0.73    0.11     4.8     5.5    3.0   -    -     0.67
 90  10   0  10 0.533       8    0.76    0.73    0.11     4.8     5.5    3.0   -    -     0.68
 90  10   0  10 0.444       8    0.77    0.75    0.09     4.0     4.5    3.0   -    -     0.69
 80  20   0  20 0.378       7    0.79    0.76    0.08     3.4     4.5    2.0   -    -     0.70
 80  20   0  20 0.356       7    0.79    0.77    0.07     3.2     3.5    2.0   -    -     0.71
 80  20   0  20 0.333       7    0.80    0.78    0.07     3.0     3.5    2.0   -    -     0.72
 80  20   0  20 0.267       7    0.81    0.80    0.06     2.4     3.5    2.0   -    -     0.73
 80  20   0  20 0.244       7    0.82    0.81    0.10     2.2     2.5    2.0   -    -     0.74
 80  20   0  20 0.222       7    0.83    0.81    0.14     2.0     2.5    2.5   -    -     0.75
 40  60   0  20 0.178       3    0.85    0.82    0.11     1.6     1.5    2.5   -    -     0.76
 40  60   0  20 0.178       3    0.85    0.82    0.11     1.6     1.5    2.5   -    -     0.77
 40  60   0  20 0.156       3    0.86    0.82    0.11     1.4     1.5    1.5   -    -     0.78
 40  60   0  20 0.156       3    0.86    0.82    0.11     1.4     1.5    1.5   -    -     0.79
 40  60   0  20 0.156       3    0.86    0.82    0.11     1.4     1.5    1.5   -    -     0.80
  0 100   0  50 0.089       2    0.90    0.91    0.01     0.8     0.5    2.0   -    -     0.81
  0 100   0  50 0.089       2    0.90    0.91    0.01     0.8     0.5    2.0   -    -     0.82
  0 100   0  70 0.067       2    0.92    0.92    0.01     0.6     0.5    1.5   -    -     0.83
  0 100   0  70 0.067       2    0.92    0.92    0.01     0.6     0.5    1.5   -    -     0.84
  0 100   0  70 0.067       2    0.92    0.92    0.01     0.6     0.5    1.5   -    -     0.85
  0 100   0  70 0.067       2    0.92    0.92    0.01     0.6     0.5    1.5   -    -     0.86
  0 100   0  70 0.067       2    0.92    0.92    0.01     0.6     0.5    1.5   -    -     0.87
  0 100   0  70 0.067       2    0.92    0.92    0.01     0.6     0.5    1.5   -    -     0.88
  0 100   0  70 0.067       2    0.92    0.92    0.01     0.6     0.5    1.5   -    -     0.89
  0 100   0  70 0.067       2    0.92    0.92    0.01     0.6     0.5    1.5   -    -     0.90
  0 100   0  70 0.067       2    0.92    0.92    0.01     0.6     0.5    1.5   -    -     0.91
  0 100   0  80 0.022       1    0.94    0.94    0.00     0.2     0.5    0.5   -    -     0.92
  0 100   0  80 0.022       1    0.94    0.94    0.00     0.2     0.5    0.5   -    -     0.93
  0 100   0  80 0.022       1    0.94    0.94    0.00     0.2     0.5    0.5   -    -     0.94
  0 100   0 100 0.000       1    0.00    0.00    0.00     0.0     0.5    0.5   -    -     0.95
  0 100   0 100 0.000       1    0.00    0.00    0.00     0.0     0.5    0.5   -    -     0.96
  0 100   0 100 0.000       1    0.00    0.00    0.00     0.0     0.5    0.5   -    -     0.97
  0 100   0 100 0.000       1    0.00    0.00    0.00     0.0     0.5    0.5   -    -     0.98
  0 100   0 100 0.000       1    0.00    0.00    0.00     0.0     0.5    0.5   -    -     0.99
---------------------------------------------------------------------------------------------
