1 1 (2) 1 : 0.059 0.535 0.000 0.406
2 2 (4) 1 : 0.069 0.724 0.000 0.207
3 3 (2) 1 : 0.703 0.286 0.000 0.011
4 4 (5) 1 : 0.999 0.000 0.000 0.000
5 5 (4) 1 : 0.871 0.092 0.000 0.037
6 6 (4) 1 : 0.910 0.068 0.000 0.022
7 7 (2) 1 : 0.991 0.006 0.000 0.003
8 8 (4) 1 : 0.032 0.943 0.000 0.025
9 9 (2) 1 : 0.000 0.587 0.154 0.258
10 10 (2) 1 : 0.000 0.000 1.000 0.000
11 11 (2) 1 : 0.000 0.711 0.288 0.000
12 12 (2) 1 : 0.000 0.827 0.164 0.009
13 13 (5) 1 : 0.082 0.677 0.000 0.241
14 14 (18) 1 : 0.073 0.920 0.000 0.006
15 15 (4) 1 : 0.001 0.934 0.000 0.065
16 16 (2) 1 : 0.019 0.021 0.838 0.122
17 17 (2) 1 : 0.047 0.946 0.000 0.007
18 18 (2) 1 : 0.000 0.246 0.000 0.754
19 19 (2) 1 : 0.001 0.551 0.000 0.448
20 20 (5) 1 : 0.000 0.984 0.000 0.015
21 21 (5) 1 : 0.051 0.927 0.000 0.022
22 22 (5) 1 : 0.003 0.000 0.000 0.997
23 23 (2) 1 : 0.001 0.756 0.000 0.243
1 1 (2) 1 : 0.115 0.000 0.870 0.014
2 2 (4) 1 : 0.121 0.000 0.862 0.017
3 3 (2) 1 : 0.711 0.000 0.289 0.000
4 4 (5) 1 : 0.999 0.000 0.001 0.000
5 5 (4) 1 : 0.845 0.000 0.155 0.000
6 6 (4) 1 : 0.888 0.000 0.095 0.016
7 7 (2) 1 : 0.951 0.000 0.048 0.000
8 8 (4) 1 : 0.091 0.000 0.909 0.000
9 9 (2) 1 : 0.000 0.010 0.001 0.990
10 10 (2) 1 : 0.000 0.749 0.000 0.251
11 11 (2) 1 : 0.000 0.116 0.000 0.884
12 12 (2) 1 : 0.000 0.013 0.001 0.987
13 13 (5) 1 : 0.129 0.000 0.853 0.018
14 14 (18) 1 : 0.126 0.000 0.865 0.008
15 15 (4) 1 : 0.046 0.000 0.954 0.001
16 16 (2) 1 : 0.028 0.662 0.310 0.000
17 17 (2) 1 : 0.105 0.000 0.869 0.026
18 18 (2) 1 : 0.000 0.000 0.996 0.003
19 19 (2) 1 : 0.061 0.000 0.839 0.099
20 20 (5) 1 : 0.031 0.000 0.968 0.001
21 21 (5) 1 : 0.117 0.000 0.838 0.045
22 22 (5) 1 : 0.000 0.000 1.000 0.000
23 23 (2) 1 : 0.059 0.000 0.940 0.001
1 1 (2) 1 : 0.000 0.579 0.330 0.091
2 2 (4) 1 : 0.000 0.884 0.000 0.115
3 3 (2) 1 : 0.000 0.238 0.052 0.710
4 4 (5) 1 : 0.000 0.002 0.000 0.997
5 5 (4) 1 : 0.000 0.157 0.000 0.843
6 6 (4) 1 : 0.000 0.082 0.020 0.897
7 7 (2) 1 : 0.000 0.033 0.003 0.964
8 8 (4) 1 : 0.000 0.901 0.008 0.090
9 9 (2) 1 : 0.033 0.000 0.967 0.000
10 10 (2) 1 : 0.971 0.000 0.029 0.000
11 11 (2) 1 : 0.188 0.000 0.811 0.000
12 12 (2) 1 : 0.043 0.010 0.946 0.000
13 13 (5) 1 : 0.000 0.870 0.003 0.127
14 14 (18) 1 : 0.000 0.878 0.001 0.120
15 15 (4) 1 : 0.000 0.956 0.001 0.042
16 16 (2) 1 : 0.833 0.164 0.000 0.002
17 17 (2) 1 : 0.000 0.769 0.132 0.099
18 18 (2) 1 : 0.000 0.001 0.999 0.000
19 19 (2) 1 : 0.000 0.939 0.000 0.060
20 20 (5) 1 : 0.000 0.968 0.001 0.031
21 21 (5) 1 : 0.001 0.884 0.001 0.114
22 22 (5) 1 : 0.000 0.999 0.000 0.000
23 23 (2) 1 : 0.000 0.932 0.007 0.060
1 1 (2) 1 : 0.000 0.636 0.259 0.104
2 2 (4) 1 : 0.000 0.874 0.000 0.126
3 3 (2) 1 : 0.000 0.284 0.001 0.716
4 4 (5) 1 : 0.000 0.003 0.000 0.997
5 5 (4) 1 : 0.000 0.156 0.001 0.843
6 6 (4) 1 : 0.000 0.110 0.000 0.889
7 7 (2) 1 : 0.000 0.046 0.001 0.953
8 8 (4) 1 : 0.000 0.901 0.001 0.097
9 9 (2) 1 : 0.005 0.000 0.994 0.000
10 10 (2) 1 : 0.842 0.000 0.157 0.000
11 11 (2) 1 : 0.140 0.007 0.852 0.000
12 12 (2) 1 : 0.007 0.000 0.992 0.000
13 13 (5) 1 : 0.000 0.862 0.001 0.136
14 14 (18) 1 : 0.000 0.872 0.000 0.128
15 15 (4) 1 : 0.000 0.948 0.001 0.051
16 16 (2) 1 : 0.742 0.244 0.001 0.013
17 17 (2) 1 : 0.000 0.842 0.045 0.113
18 18 (2) 1 : 0.000 0.360 0.640 0.000
19 19 (2) 1 : 0.000 0.926 0.002 0.072
20 20 (5) 1 : 0.000 0.962 0.001 0.037
21 21 (5) 1 : 0.001 0.876 0.001 0.123
22 22 (5) 1 : 0.000 1.000 0.000 0.000
23 23 (2) 1 : 0.000 0.933 0.001 0.067
1 1 (2) 1 : 0.429 0.069 0.502 0.000
2 2 (4) 1 : 0.748 0.077 0.176 0.000
3 3 (2) 1 : 0.295 0.703 0.002 0.000
4 4 (5) 1 : 0.000 0.999 0.000 0.000
5 5 (4) 1 : 0.053 0.869 0.078 0.000
6 6 (4) 1 : 0.087 0.903 0.010 0.000
7 7 (2) 1 : 0.008 0.988 0.003 0.000
8 8 (4) 1 : 0.186 0.049 0.765 0.000
9 9 (2) 1 : 0.001 0.000 0.884 0.116
10 10 (2) 1 : 0.000 0.000 0.003 0.997
11 11 (2) 1 : 0.116 0.001 0.618 0.266
12 12 (2) 1 : 0.001 0.000 0.873 0.126
13 13 (5) 1 : 0.792 0.084 0.124 0.000
14 14 (18) 1 : 0.844 0.078 0.078 0.000
15 15 (4) 1 : 0.851 0.002 0.147 0.000
16 16 (2) 1 : 0.137 0.009 0.000 0.854
17 17 (2) 1 : 0.904 0.049 0.046 0.000
18 18 (2) 1 : 0.999 0.000 0.000 0.000
19 19 (2) 1 : 0.996 0.003 0.001 0.000
20 20 (5) 1 : 0.219 0.000 0.780 0.000
21 21 (5) 1 : 0.904 0.060 0.036 0.000
22 22 (5) 1 : 0.000 0.000 1.000 0.000
23 23 (2) 1 : 0.994 0.006 0.000 0.000
1 1 (2) 1 : 0.071 0.426 0.503 0.000
2 2 (4) 1 : 0.098 0.902 0.000 0.000
3 3 (2) 1 : 0.682 0.229 0.088 0.000
4 4 (5) 1 : 0.970 0.030 0.000 0.000
5 5 (4) 1 : 0.817 0.183 0.000 0.000
6 6 (4) 1 : 0.865 0.133 0.001 0.000
7 7 (2) 1 : 0.931 0.060 0.009 0.000
8 8 (4) 1 : 0.071 0.928 0.001 0.000
9 9 (2) 1 : 0.000 0.107 0.841 0.052
10 10 (2) 1 : 0.000 0.000 0.015 0.985
11 11 (2) 1 : 0.000 0.115 0.677 0.208
12 12 (2) 1 : 0.000 0.089 0.847 0.064
13 13 (5) 1 : 0.109 0.890 0.001 0.000
14 14 (18) 1 : 0.101 0.898 0.000 0.000
15 15 (4) 1 : 0.024 0.976 0.001 0.000
16 16 (2) 1 : 0.007 0.119 0.031 0.843
17 17 (2) 1 : 0.081 0.757 0.161 0.000
18 18 (2) 1 : 0.000 0.001 0.999 0.000
19 19 (2) 1 : 0.045 0.954 0.001 0.000
20 20 (5) 1 : 0.008 0.991 0.001 0.000
21 21 (5) 1 : 0.093 0.906 0.001 0.001
22 22 (5) 1 : 0.000 1.000 0.000 0.000
23 23 (2) 1 : 0.046 0.953 0.001 0.000
1 1 (2) 1 : 0.409 0.092 0.000 0.498
2 2 (4) 1 : 0.001 0.120 0.000 0.880
3 3 (2) 1 : 0.033 0.709 0.000 0.258
4 4 (5) 1 : 0.000 0.995 0.000 0.005
5 5 (4) 1 : 0.000 0.838 0.000 0.161
6 6 (4) 1 : 0.001 0.888 0.000 0.111
7 7 (2) 1 : 0.000 0.953 0.000 0.047
8 8 (4) 1 : 0.001 0.093 0.001 0.905
9 9 (2) 1 : 0.967 0.000 0.033 0.000
10 10 (2) 1 : 0.002 0.000 0.998 0.000
11 11 (2) 1 : 0.770 0.000 0.197 0.033
12 12 (2) 1 : 0.952 0.000 0.047 0.000
13 13 (5) 1 : 0.001 0.133 0.000 0.866
14 14 (18) 1 : 0.001 0.124 0.000 0.875
15 15 (4) 1 : 0.001 0.048 0.000 0.952
16 16 (2) 1 : 0.019 0.012 0.855 0.114
17 17 (2) 1 : 0.132 0.102 0.000 0.766
18 18 (2) 1 : 0.999 0.000 0.000 0.001
19 19 (2) 1 : 0.001 0.067 0.000 0.932
20 20 (5) 1 : 0.000 0.030 0.000 0.970
21 21 (5) 1 : 0.011 0.116 0.000 0.873
22 22 (5) 1 : 0.000 0.000 0.000 1.000
23 23 (2) 1 : 0.055 0.058 0.000 0.887
1 1 (2) 1 : 0.062 0.685 0.000 0.253
2 2 (4) 1 : 0.077 0.865 0.000 0.058
3 3 (2) 1 : 0.707 0.293 0.000 0.001
4 4 (5) 1 : 0.999 0.001 0.000 0.000
5 5 (4) 1 : 0.878 0.042 0.000 0.080
6 6 (4) 1 : 0.915 0.085 0.000 0.001
7 7 (2) 1 : 0.991 0.004 0.000 0.004
8 8 (4) 1 : 0.047 0.923 0.000 0.030
9 9 (2) 1 : 0.000 0.848 0.151 0.001
10 10 (2) 1 : 0.000 0.000 1.000 0.000
11 11 (2) 1 : 0.000 0.712 0.287 0.000
12 12 (2) 1 : 0.000 0.667 0.161 0.172
13 13 (5) 1 : 0.086 0.752 0.000 0.161
14 14 (18) 1 : 0.085 0.907 0.000 0.008
15 15 (4) 1 : 0.001 0.994 0.000 0.005
16 16 (2) 1 : 0.010 0.028 0.838 0.124
17 17 (2) 1 : 0.054 0.939 0.000 0.006
18 18 (2) 1 : 0.000 0.262 0.000 0.738
19 19 (2) 1 : 0.007 0.654 0.000 0.338
20 20 (5) 1 : 0.000 0.986 0.000 0.014
21 21 (5) 1 : 0.063 0.931 0.000 0.006
22 22 (5) 1 : 0.001 0.000 0.000 0.999
23 23 (2) 1 : 0.005 0.537 0.000 0.457
1 1 (2) 1 : 0.477 0.068 0.455 0.000
2 2 (4) 1 : 0.915 0.083 0.002 0.000
3 3 (2) 1 : 0.244 0.705 0.051 0.000
4 4 (5) 1 : 0.001 0.999 0.000 0.000
5 5 (4) 1 : 0.148 0.852 0.000 0.000
6 6 (4) 1 : 0.104 0.895 0.001 0.000
7 7 (2) 1 : 0.035 0.964 0.001 0.000
8 8 (4) 1 : 0.367 0.047 0.586 0.000
9 9 (2) 1 : 0.264 0.000 0.641 0.095
10 10 (2) 1 : 0.000 0.000 0.000 1.000
11 11 (2) 1 : 0.288 0.000 0.468 0.244
12 12 (2) 1 : 0.061 0.000 0.836 0.103
13 13 (5) 1 : 0.904 0.093 0.003 0.000
14 14 (18) 1 : 0.910 0.089 0.001 0.000
15 15 (4) 1 : 0.986 0.013 0.002 0.000
16 16 (2) 1 : 0.067 0.011 0.070 0.851
17 17 (2) 1 : 0.388 0.061 0.550 0.000
18 18 (2) 1 : 0.000 0.000 0.999 0.000
19 19 (2) 1 : 0.974 0.025 0.001 0.000
20 20 (5) 1 : 0.406 0.007 0.587 0.000
21 21 (5) 1 : 0.923 0.076 0.001 0.000
22 22 (5) 1 : 1.000 0.000 0.000 0.000
23 23 (2) 1 : 0.936 0.022 0.042 0.000
1 1 (2) 1 : 0.248 0.699 0.000 0.052
2 2 (4) 1 : 0.001 0.938 0.000 0.060
3 3 (2) 1 : 0.040 0.279 0.000 0.680
4 4 (5) 1 : 0.006 0.004 0.000 0.989
5 5 (4) 1 : 0.005 0.162 0.000 0.833
6 6 (4) 1 : 0.086 0.037 0.000 0.877
7 7 (2) 1 : 0.057 0.002 0.000 0.942
8 8 (4) 1 : 0.984 0.001 0.000 0.015
9 9 (2) 1 : 0.856 0.000 0.144 0.000
10 10 (2) 1 : 0.000 0.000 1.000 0.000
11 11 (2) 1 : 0.113 0.606 0.280 0.000
12 12 (2) 1 : 0.197 0.648 0.155 0.000
13 13 (5) 1 : 0.004 0.923 0.000 0.072
14 14 (18) 1 : 0.134 0.800 0.000 0.066
15 15 (4) 1 : 0.091 0.909 0.000 0.000
16 16 (2) 1 : 0.102 0.035 0.840 0.024
17 17 (2) 1 : 0.956 0.011 0.000 0.032
18 18 (2) 1 : 1.000 0.000 0.000 0.000
19 19 (2) 1 : 0.000 0.999 0.000 0.001
20 20 (5) 1 : 0.987 0.013 0.000 0.000
21 21 (5) 1 : 0.263 0.686 0.000 0.051
22 22 (5) 1 : 0.000 1.000 0.000 0.000
23 23 (2) 1 : 0.594 0.405 0.000 0.001
