1.0000 0.5987 0.7054 0.7593 0.7290 0.7522 0.7163 0.5865 0.7204 0.8008
0.5987 1.0000 0.6359 0.6507 0.5956 0.5947 0.6196 0.5205 0.6145 0.6558
0.7054 0.6359 1.0000 0.7765 0.6508 0.6839 0.9170 0.5322 0.9119 0.6830
0.7593 0.6507 0.7765 1.0000 0.7437 0.7394 0.8073 0.5977 0.8067 0.6882
0.7290 0.5956 0.6508 0.7437 1.0000 0.8239 0.6699 0.6903 0.6690 0.6652
0.7522 0.5947 0.6839 0.7394 0.8239 1.0000 0.6906 0.6908 0.6893 0.7260
0.7163 0.6196 0.9170 0.8073 0.6699 0.6906 1.0000 0.5487 0.9403 0.6556
0.5865 0.5205 0.5322 0.5977 0.6903 0.6908 0.5487 1.0000 0.5424 0.5533
0.7204 0.6145 0.9119 0.8067 0.6690 0.6893 0.9403 0.5424 1.0000 0.6603
0.8008 0.6558 0.6830 0.6882 0.6652 0.7260 0.6556 0.5533 0.6603 1.0000
