1 1 (2) 1 : 0.133 0.468 0.050 0.350 0.000
2 2 (4) 1 : 0.003 0.008 0.098 0.891 0.000
3 3 (2) 1 : 0.001 0.272 0.672 0.054 0.000
4 4 (5) 1 : 0.001 0.005 0.978 0.017 0.000
5 5 (4) 1 : 0.000 0.094 0.834 0.071 0.000
6 6 (4) 1 : 0.000 0.000 0.871 0.128 0.000
7 7 (2) 1 : 0.000 0.001 0.937 0.061 0.000
8 8 (4) 1 : 0.003 0.000 0.069 0.927 0.000
9 9 (2) 1 : 0.942 0.000 0.000 0.000 0.058
10 10 (2) 1 : 0.001 0.000 0.000 0.000 0.999
11 11 (2) 1 : 0.651 0.137 0.000 0.000 0.211
12 12 (2) 1 : 0.932 0.001 0.000 0.001 0.067
13 13 (5) 1 : 0.002 0.098 0.104 0.795 0.001
14 14 (18) 1 : 0.001 0.001 0.098 0.901 0.000
15 15 (4) 1 : 0.001 0.013 0.010 0.977 0.000
16 16 (2) 1 : 0.000 0.001 0.012 0.128 0.858
17 17 (2) 1 : 0.000 0.009 0.074 0.917 0.000
18 18 (2) 1 : 0.000 0.544 0.000 0.455 0.000
19 19 (2) 1 : 0.001 0.002 0.026 0.971 0.000
20 20 (5) 1 : 0.002 0.000 0.007 0.990 0.000
21 21 (5) 1 : 0.000 0.000 0.086 0.913 0.000
22 22 (5) 1 : 0.999 0.000 0.000 0.001 0.000
23 23 (2) 1 : 0.001 0.002 0.033 0.965 0.000
1 1 (2) 1 : 0.802 0.017 0.000 0.034 0.147
2 2 (4) 1 : 0.003 0.000 0.000 0.072 0.925
3 3 (2) 1 : 0.000 0.038 0.000 0.698 0.264
4 4 (5) 1 : 0.000 0.000 0.000 0.997 0.003
5 5 (4) 1 : 0.005 0.000 0.000 0.848 0.147
6 6 (4) 1 : 0.000 0.000 0.000 0.889 0.110
7 7 (2) 1 : 0.004 0.000 0.000 0.962 0.034
8 8 (4) 1 : 0.026 0.189 0.000 0.049 0.736
9 9 (2) 1 : 0.000 0.936 0.064 0.000 0.000
10 10 (2) 1 : 0.000 0.015 0.985 0.000 0.000
11 11 (2) 1 : 0.001 0.783 0.216 0.000 0.000
12 12 (2) 1 : 0.000 0.923 0.076 0.000 0.000
13 13 (5) 1 : 0.142 0.000 0.000 0.082 0.775
14 14 (18) 1 : 0.001 0.000 0.000 0.076 0.923
15 15 (4) 1 : 0.002 0.000 0.000 0.001 0.996
16 16 (2) 1 : 0.124 0.001 0.853 0.013 0.009
17 17 (2) 1 : 0.000 0.001 0.000 0.058 0.941
18 18 (2) 1 : 0.001 0.999 0.000 0.000 0.000
19 19 (2) 1 : 0.021 0.000 0.000 0.008 0.971
20 20 (5) 1 : 0.005 0.148 0.000 0.000 0.846
21 21 (5) 1 : 0.003 0.000 0.000 0.057 0.940
22 22 (5) 1 : 0.999 0.000 0.000 0.000 0.000
23 23 (2) 1 : 0.013 0.001 0.000 0.006 0.980
1 1 (2) 1 : 0.065 0.486 0.023 0.426 0.000
2 2 (4) 1 : 0.091 0.000 0.014 0.894 0.000
3 3 (2) 1 : 0.697 0.000 0.120 0.182 0.000
4 4 (5) 1 : 0.988 0.000 0.000 0.012 0.000
5 5 (4) 1 : 0.847 0.003 0.033 0.117 0.000
6 6 (4) 1 : 0.886 0.001 0.000 0.114 0.000
7 7 (2) 1 : 0.958 0.000 0.002 0.040 0.000
8 8 (4) 1 : 0.067 0.000 0.024 0.908 0.000
9 9 (2) 1 : 0.000 0.957 0.000 0.000 0.043
10 10 (2) 1 : 0.000 0.000 0.000 0.000 1.000
11 11 (2) 1 : 0.000 0.516 0.276 0.000 0.207
12 12 (2) 1 : 0.000 0.942 0.000 0.000 0.057
13 13 (5) 1 : 0.105 0.006 0.037 0.851 0.000
14 14 (18) 1 : 0.090 0.001 0.008 0.902 0.000
15 15 (4) 1 : 0.004 0.001 0.003 0.992 0.000
16 16 (2) 1 : 0.006 0.000 0.023 0.113 0.859
17 17 (2) 1 : 0.076 0.002 0.000 0.922 0.000
18 18 (2) 1 : 0.000 0.256 0.714 0.030 0.000
19 19 (2) 1 : 0.028 0.001 0.008 0.963 0.000
20 20 (5) 1 : 0.001 0.001 0.016 0.982 0.000
21 21 (5) 1 : 0.081 0.001 0.005 0.912 0.000
22 22 (5) 1 : 0.000 0.000 0.979 0.020 0.000
23 23 (2) 1 : 0.020 0.000 0.063 0.916 0.000
1 1 (2) 1 : 0.083 0.000 0.006 0.454 0.457
2 2 (4) 1 : 0.123 0.000 0.000 0.001 0.876
3 3 (2) 1 : 0.677 0.000 0.113 0.102 0.108
4 4 (5) 1 : 0.970 0.000 0.002 0.001 0.027
5 5 (4) 1 : 0.822 0.000 0.031 0.001 0.145
6 6 (4) 1 : 0.869 0.000 0.010 0.001 0.120
7 7 (2) 1 : 0.928 0.000 0.071 0.000 0.001
8 8 (4) 1 : 0.090 0.000 0.025 0.016 0.869
9 9 (2) 1 : 0.000 0.033 0.489 0.477 0.000
10 10 (2) 1 : 0.000 0.999 0.000 0.001 0.000
11 11 (2) 1 : 0.000 0.190 0.001 0.809 0.000
12 12 (2) 1 : 0.000 0.037 0.000 0.963 0.000
13 13 (5) 1 : 0.129 0.001 0.047 0.001 0.823
14 14 (18) 1 : 0.125 0.000 0.011 0.002 0.862
15 15 (4) 1 : 0.052 0.000 0.001 0.001 0.945
16 16 (2) 1 : 0.007 0.867 0.026 0.001 0.100
17 17 (2) 1 : 0.091 0.000 0.212 0.000 0.696
18 18 (2) 1 : 0.000 0.000 0.760 0.000 0.240
19 19 (2) 1 : 0.067 0.000 0.001 0.004 0.928
20 20 (5) 1 : 0.033 0.000 0.000 0.001 0.965
21 21 (5) 1 : 0.114 0.001 0.030 0.002 0.854
22 22 (5) 1 : 0.000 0.000 0.000 0.000 0.999
23 23 (2) 1 : 0.040 0.000 0.377 0.001 0.583
1 1 (2) 1 : 0.000 0.615 0.063 0.311 0.011
2 2 (4) 1 : 0.000 0.001 0.116 0.883 0.000
3 3 (2) 1 : 0.000 0.207 0.692 0.101 0.000
4 4 (5) 1 : 0.000 0.002 0.997 0.001 0.000
5 5 (4) 1 : 0.000 0.000 0.836 0.163 0.000
6 6 (4) 1 : 0.000 0.001 0.888 0.111 0.000
7 7 (2) 1 : 0.000 0.002 0.952 0.046 0.001
8 8 (4) 1 : 0.000 0.027 0.086 0.882 0.005
9 9 (2) 1 : 0.012 0.000 0.000 0.031 0.957
10 10 (2) 1 : 0.833 0.000 0.000 0.000 0.167
11 11 (2) 1 : 0.139 0.000 0.000 0.044 0.816
12 12 (2) 1 : 0.015 0.018 0.000 0.039 0.928
13 13 (5) 1 : 0.000 0.032 0.124 0.844 0.001
14 14 (18) 1 : 0.000 0.000 0.117 0.882 0.001
15 15 (4) 1 : 0.000 0.002 0.041 0.957 0.000
16 16 (2) 1 : 0.745 0.061 0.004 0.189 0.001
17 17 (2) 1 : 0.000 0.286 0.082 0.629 0.003
18 18 (2) 1 : 0.000 1.000 0.000 0.000 0.000
19 19 (2) 1 : 0.000 0.002 0.064 0.934 0.000
20 20 (5) 1 : 0.000 0.002 0.026 0.972 0.001
21 21 (5) 1 : 0.000 0.001 0.112 0.877 0.009
22 22 (5) 1 : 0.000 0.000 0.000 1.000 0.000
23 23 (2) 1 : 0.000 0.131 0.041 0.827 0.000
1 1 (2) 1 : 0.509 0.025 0.402 0.000 0.063
2 2 (4) 1 : 0.004 0.000 0.897 0.000 0.099
3 3 (2) 1 : 0.001 0.001 0.292 0.000 0.706
4 4 (5) 1 : 0.000 0.000 0.000 0.000 0.999
5 5 (4) 1 : 0.062 0.000 0.085 0.000 0.852
6 6 (4) 1 : 0.012 0.008 0.083 0.000 0.897
7 7 (2) 1 : 0.007 0.001 0.025 0.000 0.967
8 8 (4) 1 : 0.007 0.006 0.915 0.000 0.072
9 9 (2) 1 : 0.000 0.952 0.000 0.048 0.000
10 10 (2) 1 : 0.000 0.004 0.000 0.996 0.000
11 11 (2) 1 : 0.000 0.795 0.000 0.204 0.000
12 12 (2) 1 : 0.000 0.939 0.000 0.060 0.000
13 13 (5) 1 : 0.056 0.001 0.834 0.000 0.109
14 14 (18) 1 : 0.001 0.001 0.897 0.000 0.101
15 15 (4) 1 : 0.001 0.000 0.983 0.000 0.015
16 16 (2) 1 : 0.018 0.000 0.121 0.860 0.001
17 17 (2) 1 : 0.000 0.004 0.912 0.000 0.083
18 18 (2) 1 : 0.000 0.999 0.000 0.000 0.000
19 19 (2) 1 : 0.000 0.001 0.963 0.000 0.036
20 20 (5) 1 : 0.007 0.000 0.989 0.000 0.004
21 21 (5) 1 : 0.000 0.000 0.909 0.000 0.091
22 22 (5) 1 : 1.000 0.000 0.000 0.000 0.000
23 23 (2) 1 : 0.001 0.000 0.963 0.000 0.035
1 1 (2) 1 : 0.204 0.056 0.003 0.000 0.737
2 2 (4) 1 : 0.000 0.074 0.139 0.000 0.787
3 3 (2) 1 : 0.048 0.692 0.000 0.000 0.260
4 4 (5) 1 : 0.000 0.997 0.001 0.000 0.002
5 5 (4) 1 : 0.016 0.839 0.000 0.000 0.144
6 6 (4) 1 : 0.036 0.888 0.065 0.000 0.010
7 7 (2) 1 : 0.048 0.947 0.003 0.000 0.002
8 8 (4) 1 : 0.003 0.038 0.001 0.000 0.958
9 9 (2) 1 : 0.001 0.000 0.896 0.102 0.002
10 10 (2) 1 : 0.000 0.000 0.000 1.000 0.000
11 11 (2) 1 : 0.001 0.000 0.519 0.247 0.234
12 12 (2) 1 : 0.002 0.000 0.355 0.122 0.521
13 13 (5) 1 : 0.000 0.084 0.239 0.000 0.677
14 14 (18) 1 : 0.000 0.081 0.004 0.000 0.915
15 15 (4) 1 : 0.001 0.001 0.064 0.000 0.934
16 16 (2) 1 : 0.071 0.003 0.007 0.848 0.070
17 17 (2) 1 : 0.735 0.025 0.136 0.000 0.104
18 18 (2) 1 : 1.000 0.000 0.000 0.000 0.000
19 19 (2) 1 : 0.001 0.010 0.703 0.000 0.287
20 20 (5) 1 : 0.000 0.001 0.001 0.000 0.998
21 21 (5) 1 : 0.012 0.049 0.571 0.000 0.368
22 22 (5) 1 : 0.000 0.000 0.000 0.000 0.999
23 23 (2) 1 : 0.862 0.001 0.024 0.000 0.114
1 1 (2) 1 : 0.364 0.076 0.044 0.000 0.516
2 2 (4) 1 : 0.912 0.000 0.074 0.000 0.013
3 3 (2) 1 : 0.114 0.001 0.651 0.000 0.234
4 4 (5) 1 : 0.040 0.000 0.946 0.000 0.014
5 5 (4) 1 : 0.108 0.000 0.798 0.000 0.094
6 6 (4) 1 : 0.159 0.001 0.840 0.000 0.000
7 7 (2) 1 : 0.091 0.000 0.903 0.000 0.006
8 8 (4) 1 : 0.928 0.003 0.051 0.000 0.017
9 9 (2) 1 : 0.000 0.943 0.000 0.056 0.000
10 10 (2) 1 : 0.000 0.000 0.000 1.000 0.000
11 11 (2) 1 : 0.000 0.786 0.000 0.214 0.000
12 12 (2) 1 : 0.000 0.929 0.000 0.070 0.000
13 13 (5) 1 : 0.780 0.001 0.084 0.000 0.135
14 14 (18) 1 : 0.925 0.000 0.073 0.000 0.001
15 15 (4) 1 : 0.997 0.000 0.001 0.000 0.002
16 16 (2) 1 : 0.003 0.000 0.007 0.879 0.110
17 17 (2) 1 : 0.941 0.000 0.059 0.000 0.000
18 18 (2) 1 : 0.000 0.999 0.000 0.000 0.000
19 19 (2) 1 : 0.995 0.000 0.003 0.000 0.001
20 20 (5) 1 : 0.984 0.001 0.001 0.000 0.014
21 21 (5) 1 : 0.930 0.000 0.065 0.000 0.004
22 22 (5) 1 : 0.000 0.000 0.000 0.000 1.000
23 23 (2) 1 : 0.990 0.000 0.005 0.000 0.004
1 1 (2) 1 : 0.000 0.000 0.908 0.068 0.023
2 2 (4) 1 : 0.007 0.000 0.000 0.923 0.070
3 3 (2) 1 : 0.000 0.000 0.271 0.053 0.676
4 4 (5) 1 : 0.000 0.000 0.000 0.011 0.988
5 5 (4) 1 : 0.001 0.000 0.001 0.164 0.834
6 6 (4) 1 : 0.000 0.000 0.001 0.126 0.873
7 7 (2) 1 : 0.002 0.000 0.001 0.052 0.945
8 8 (4) 1 : 0.532 0.000 0.000 0.427 0.041
9 9 (2) 1 : 0.919 0.081 0.000 0.000 0.000
10 10 (2) 1 : 0.001 0.999 0.000 0.000 0.000
11 11 (2) 1 : 0.768 0.230 0.000 0.001 0.000
12 12 (2) 1 : 0.870 0.091 0.000 0.038 0.000
13 13 (5) 1 : 0.003 0.000 0.003 0.909 0.085
14 14 (18) 1 : 0.002 0.000 0.001 0.922 0.076
15 15 (4) 1 : 0.001 0.000 0.001 0.998 0.001
16 16 (2) 1 : 0.003 0.855 0.140 0.001 0.001
17 17 (2) 1 : 0.041 0.000 0.001 0.904 0.054
18 18 (2) 1 : 0.000 0.000 1.000 0.000 0.000
19 19 (2) 1 : 0.000 0.000 0.001 0.996 0.003
20 20 (5) 1 : 0.485 0.000 0.001 0.514 0.000
21 21 (5) 1 : 0.011 0.000 0.000 0.932 0.056
22 22 (5) 1 : 0.999 0.000 0.000 0.000 0.000
23 23 (2) 1 : 0.000 0.000 0.009 0.985 0.006
