1 1 (2) 1 : 0.135 0.865
2 2 (4) 1 : 0.170 0.830
3 3 (2) 1 : 0.747 0.253
4 4 (5) 1 : 1.000 0.000
5 5 (4) 1 : 0.903 0.097
6 6 (4) 1 : 0.944 0.056
7 7 (2) 1 : 0.996 0.004
8 8 (4) 1 : 0.127 0.873
9 9 (2) 1 : 0.000 1.000
10 10 (2) 1 : 0.000 1.000
11 11 (2) 1 : 0.000 1.000
12 12 (2) 1 : 0.001 0.999
13 13 (5) 1 : 0.163 0.837
14 14 (18) 1 : 0.169 0.831
15 15 (4) 1 : 0.083 0.917
16 16 (2) 1 : 0.000 1.000
17 17 (2) 1 : 0.131 0.869
18 18 (2) 1 : 0.002 0.998
19 19 (2) 1 : 0.099 0.901
20 20 (5) 1 : 0.063 0.937
21 21 (5) 1 : 0.147 0.853
22 22 (5) 1 : 0.001 0.999
23 23 (2) 1 : 0.099 0.901
1 1 (2) 1 : 0.857 0.143
2 2 (4) 1 : 0.824 0.176
3 3 (2) 1 : 0.247 0.753
4 4 (5) 1 : 0.000 1.000
5 5 (4) 1 : 0.094 0.906
6 6 (4) 1 : 0.056 0.944
7 7 (2) 1 : 0.003 0.997
8 8 (4) 1 : 0.867 0.133
9 9 (2) 1 : 1.000 0.000
10 10 (2) 1 : 1.000 0.000
11 11 (2) 1 : 1.000 0.000
12 12 (2) 1 : 0.999 0.001
13 13 (5) 1 : 0.831 0.169
14 14 (18) 1 : 0.825 0.175
15 15 (4) 1 : 0.912 0.088
16 16 (2) 1 : 1.000 0.000
17 17 (2) 1 : 0.861 0.139
18 18 (2) 1 : 0.998 0.002
19 19 (2) 1 : 0.896 0.104
20 20 (5) 1 : 0.930 0.070
21 21 (5) 1 : 0.847 0.153
22 22 (5) 1 : 0.999 0.001
23 23 (2) 1 : 0.892 0.108
1 1 (2) 1 : 0.861 0.139
2 2 (4) 1 : 0.828 0.172
3 3 (2) 1 : 0.251 0.749
4 4 (5) 1 : 0.000 1.000
5 5 (4) 1 : 0.099 0.901
6 6 (4) 1 : 0.059 0.941
7 7 (2) 1 : 0.004 0.996
8 8 (4) 1 : 0.871 0.129
9 9 (2) 1 : 1.000 0.000
10 10 (2) 1 : 1.000 0.000
11 11 (2) 1 : 1.000 0.000
12 12 (2) 1 : 0.999 0.001
13 13 (5) 1 : 0.834 0.166
14 14 (18) 1 : 0.832 0.168
15 15 (4) 1 : 0.914 0.086
16 16 (2) 1 : 1.000 0.000
17 17 (2) 1 : 0.866 0.134
18 18 (2) 1 : 0.999 0.001
19 19 (2) 1 : 0.900 0.100
20 20 (5) 1 : 0.932 0.068
21 21 (5) 1 : 0.851 0.149
22 22 (5) 1 : 0.999 0.001
23 23 (2) 1 : 0.897 0.103
1 1 (2) 1 : 0.861 0.139
2 2 (4) 1 : 0.827 0.173
3 3 (2) 1 : 0.249 0.751
4 4 (5) 1 : 0.000 1.000
5 5 (4) 1 : 0.096 0.904
6 6 (4) 1 : 0.056 0.944
7 7 (2) 1 : 0.002 0.998
8 8 (4) 1 : 0.871 0.129
9 9 (2) 1 : 1.000 0.000
10 10 (2) 1 : 1.000 0.000
11 11 (2) 1 : 1.000 0.000
12 12 (2) 1 : 0.999 0.001
13 13 (5) 1 : 0.835 0.165
14 14 (18) 1 : 0.828 0.172
15 15 (4) 1 : 0.915 0.085
16 16 (2) 1 : 1.000 0.000
17 17 (2) 1 : 0.864 0.136
18 18 (2) 1 : 0.998 0.002
19 19 (2) 1 : 0.899 0.101
20 20 (5) 1 : 0.930 0.070
21 21 (5) 1 : 0.850 0.150
22 22 (5) 1 : 0.999 0.001
23 23 (2) 1 : 0.898 0.102
1 1 (2) 1 : 0.862 0.138
2 2 (4) 1 : 0.827 0.173
3 3 (2) 1 : 0.248 0.752
4 4 (5) 1 : 0.000 1.000
5 5 (4) 1 : 0.096 0.904
6 6 (4) 1 : 0.057 0.943
7 7 (2) 1 : 0.003 0.997
8 8 (4) 1 : 0.871 0.129
9 9 (2) 1 : 1.000 0.000
10 10 (2) 1 : 1.000 0.000
11 11 (2) 1 : 1.000 0.000
12 12 (2) 1 : 0.999 0.001
13 13 (5) 1 : 0.833 0.167
14 14 (18) 1 : 0.830 0.170
15 15 (4) 1 : 0.914 0.086
16 16 (2) 1 : 1.000 0.000
17 17 (2) 1 : 0.865 0.135
18 18 (2) 1 : 0.999 0.001
19 19 (2) 1 : 0.900 0.100
20 20 (5) 1 : 0.932 0.068
21 21 (5) 1 : 0.851 0.149
22 22 (5) 1 : 0.999 0.001
23 23 (2) 1 : 0.896 0.104
1 1 (2) 1 : 0.142 0.858
2 2 (4) 1 : 0.173 0.827
3 3 (2) 1 : 0.751 0.249
4 4 (5) 1 : 1.000 0.000
5 5 (4) 1 : 0.902 0.098
6 6 (4) 1 : 0.942 0.058
7 7 (2) 1 : 0.996 0.004
8 8 (4) 1 : 0.130 0.870
9 9 (2) 1 : 0.000 1.000
10 10 (2) 1 : 0.000 1.000
11 11 (2) 1 : 0.000 1.000
12 12 (2) 1 : 0.001 0.999
13 13 (5) 1 : 0.167 0.833
14 14 (18) 1 : 0.171 0.829
15 15 (4) 1 : 0.088 0.912
16 16 (2) 1 : 0.000 1.000
17 17 (2) 1 : 0.137 0.863
18 18 (2) 1 : 0.002 0.998
19 19 (2) 1 : 0.102 0.898
20 20 (5) 1 : 0.069 0.931
21 21 (5) 1 : 0.151 0.849
22 22 (5) 1 : 0.001 0.999
23 23 (2) 1 : 0.103 0.897
1 1 (2) 1 : 0.865 0.135
2 2 (4) 1 : 0.832 0.168
3 3 (2) 1 : 0.255 0.745
4 4 (5) 1 : 0.000 1.000
5 5 (4) 1 : 0.100 0.900
6 6 (4) 1 : 0.062 0.938
7 7 (2) 1 : 0.005 0.995
8 8 (4) 1 : 0.876 0.124
9 9 (2) 1 : 1.000 0.000
10 10 (2) 1 : 1.000 0.000
11 11 (2) 1 : 1.000 0.000
12 12 (2) 1 : 0.999 0.001
13 13 (5) 1 : 0.839 0.161
14 14 (18) 1 : 0.833 0.167
15 15 (4) 1 : 0.919 0.081
16 16 (2) 1 : 1.000 0.000
17 17 (2) 1 : 0.869 0.131
18 18 (2) 1 : 0.999 0.001
19 19 (2) 1 : 0.906 0.094
20 20 (5) 1 : 0.938 0.062
21 21 (5) 1 : 0.855 0.145
22 22 (5) 1 : 0.999 0.001
23 23 (2) 1 : 0.902 0.098
1 1 (2) 1 : 0.858 0.142
2 2 (4) 1 : 0.824 0.176
3 3 (2) 1 : 0.249 0.751
4 4 (5) 1 : 0.001 0.999
5 5 (4) 1 : 0.097 0.903
6 6 (4) 1 : 0.056 0.944
7 7 (2) 1 : 0.003 0.997
8 8 (4) 1 : 0.868 0.132
9 9 (2) 1 : 1.000 0.000
10 10 (2) 1 : 1.000 0.000
11 11 (2) 1 : 1.000 0.000
12 12 (2) 1 : 0.999 0.001
13 13 (5) 1 : 0.831 0.169
14 14 (18) 1 : 0.827 0.173
15 15 (4) 1 : 0.911 0.089
16 16 (2) 1 : 1.000 0.000
17 17 (2) 1 : 0.862 0.138
18 18 (2) 1 : 0.998 0.002
19 19 (2) 1 : 0.896 0.104
20 20 (5) 1 : 0.930 0.070
21 21 (5) 1 : 0.847 0.153
22 22 (5) 1 : 0.999 0.001
23 23 (2) 1 : 0.894 0.106
1 1 (2) 1 : 0.140 0.860
2 2 (4) 1 : 0.173 0.827
3 3 (2) 1 : 0.752 0.248
4 4 (5) 1 : 1.000 0.000
5 5 (4) 1 : 0.904 0.096
6 6 (4) 1 : 0.943 0.057
7 7 (2) 1 : 0.995 0.005
8 8 (4) 1 : 0.130 0.870
9 9 (2) 1 : 0.000 1.000
10 10 (2) 1 : 0.000 1.000
11 11 (2) 1 : 0.000 1.000
12 12 (2) 1 : 0.001 0.999
13 13 (5) 1 : 0.168 0.832
14 14 (18) 1 : 0.172 0.828
15 15 (4) 1 : 0.088 0.912
16 16 (2) 1 : 0.001 0.999
17 17 (2) 1 : 0.137 0.863
18 18 (2) 1 : 0.002 0.998
19 19 (2) 1 : 0.102 0.898
20 20 (5) 1 : 0.068 0.932
21 21 (5) 1 : 0.151 0.849
22 22 (5) 1 : 0.001 0.999
23 23 (2) 1 : 0.104 0.896
1 1 (2) 1 : 0.139 0.861
2 2 (4) 1 : 0.170 0.830
3 3 (2) 1 : 0.749 0.251
4 4 (5) 1 : 1.000 0.000
5 5 (4) 1 : 0.902 0.098
6 6 (4) 1 : 0.942 0.058
7 7 (2) 1 : 0.997 0.003
8 8 (4) 1 : 0.128 0.872
9 9 (2) 1 : 0.000 1.000
10 10 (2) 1 : 0.000 1.000
11 11 (2) 1 : 0.000 1.000
12 12 (2) 1 : 0.001 0.999
13 13 (5) 1 : 0.165 0.835
14 14 (18) 1 : 0.171 0.829
15 15 (4) 1 : 0.085 0.915
16 16 (2) 1 : 0.000 1.000
17 17 (2) 1 : 0.135 0.865
18 18 (2) 1 : 0.002 0.998
19 19 (2) 1 : 0.098 0.902
20 20 (5) 1 : 0.065 0.935
21 21 (5) 1 : 0.150 0.850
22 22 (5) 1 : 0.001 0.999
23 23 (2) 1 : 0.103 0.897
