1.0000	0.9956	0.9945	0.9906	0.9972	0.9961	0.9953	0.9964	0.9936	0.9962
0.9956	1.0000	0.9963	0.9911	0.9960	0.9942	0.9975	0.9976	0.9946	0.9946
0.9945	0.9963	1.0000	0.9939	0.9937	0.9941	0.9965	0.9954	0.9970	0.9951
0.9906	0.9911	0.9939	1.0000	0.9895	0.9928	0.9913	0.9903	0.9943	0.9934
0.9972	0.9960	0.9937	0.9895	1.0000	0.9948	0.9948	0.9971	0.9932	0.9951
0.9961	0.9942	0.9941	0.9928	0.9948	1.0000	0.9938	0.9944	0.9940	0.9975
0.9953	0.9975	0.9965	0.9913	0.9948	0.9938	1.0000	0.9967	0.9942	0.9942
0.9964	0.9976	0.9954	0.9903	0.9971	0.9944	0.9967	1.0000	0.9942	0.9948
0.9936	0.9946	0.9970	0.9943	0.9932	0.9940	0.9942	0.9942	1.0000	0.9953
0.9962	0.9946	0.9951	0.9934	0.9951	0.9975	0.9942	0.9948	0.9953	1.0000
