1.0000	0.5824	0.6253	0.6192	0.6111	0.6522	0.6296	0.9047	0.6203	0.5466
0.5824	1.0000	0.7722	0.8540	0.6627	0.7523	0.7643	0.5792	0.6723	0.5217
0.6253	0.7722	1.0000	0.9135	0.6218	0.9424	0.9752	0.6163	0.7881	0.5922
0.6192	0.8540	0.9135	1.0000	0.6524	0.8860	0.9051	0.6120	0.7587	0.5717
0.6111	0.6627	0.6218	0.6524	1.0000	0.6214	0.6227	0.5987	0.6695	0.5759
0.6522	0.7523	0.9424	0.8860	0.6214	1.0000	0.9525	0.6412	0.8022	0.6020
0.6296	0.7643	0.9752	0.9051	0.6227	0.9525	1.0000	0.6203	0.7911	0.5956
0.9047	0.5792	0.6163	0.6120	0.5987	0.6412	0.6203	1.0000	0.6183	0.5437
0.6203	0.6723	0.7881	0.7587	0.6695	0.8022	0.7911	0.6183	1.0000	0.7492
0.5466	0.5217	0.5922	0.5717	0.5759	0.6020	0.5956	0.5437	0.7492	1.0000
