-------------------------------------------------------------------------------
 L       Percentage of nodes in the largest component
 D       Percentage of nodes in components of size at most 3 [-div option]
 R       Percentage of nodes not in L or D: 100 - L -D
 S       Percentage of nodes that are singletons
 E       Fraction of edges retained (input graph has 90)
 cce     Expected size of component, nodewise [ sum(sz^2) / sum^2(sz) ]
 EW      Edge weight traits (mean, median and IQR)
 ND      Node degree traits [mean, median and IQR]
 CCF     Clustering coefficient (scale 1-100)
 eff     Induced component efficiency relative to start graph (scale 1-1000)
Total number of nodes: 10
----------------------------------------------------------------------------------------------
  L   D   R   S     E     cce  EWmean   EWmed   EWiqr  NDmean   NDmed  NDiqr CCF  eff  Cutoff 
----------------------------------------------------------------------------------------------
100   0   0   0 1.000      10    0.69    0.63    0.16     9.0     9.5    0.5   -    -     0.50
100   0   0   0 1.000      10    0.69    0.63    0.16     9.0     9.5    0.5   -    -     0.51
100   0   0   0 1.000      10    0.69    0.63    0.16     9.0     9.5    0.5   -    -     0.52
100   0   0   0 0.978      10    0.70    0.64    0.16     8.8     9.5    0.5   -    -     0.53
100   0   0   0 0.978      10    0.70    0.64    0.16     8.8     9.5    0.5   -    -     0.54
100   0   0   0 0.933      10    0.70    0.65    0.17     8.4     9.5    1.5   -    -     0.55
100   0   0   0 0.933      10    0.70    0.65    0.17     8.4     9.5    1.5   -    -     0.56
100   0   0   0 0.933      10    0.70    0.65    0.17     8.4     9.5    1.5   -    -     0.57
100   0   0   0 0.867      10    0.71    0.65    0.17     7.8     8.5    2.0   -    -     0.58
100   0   0   0 0.844      10    0.72    0.66    0.17     7.6     8.5    2.5   -    -     0.59
100   0   0   0 0.778      10    0.73    0.67    0.18     7.0     7.5    2.0   -    -     0.60
100   0   0   0 0.756      10    0.73    0.67    0.18     6.8     7.5    2.0   -    -     0.61
100   0   0   0 0.644      10    0.75    0.75    0.21     5.8     6.5    2.5   -    -     0.62
100   0   0   0 0.489      10    0.79    0.78    0.23     4.4     5.5    4.0   -    -     0.63
100   0   0   0 0.489      10    0.79    0.78    0.23     4.4     5.5    4.0   -    -     0.64
100   0   0   0 0.467      10    0.80    0.79    0.16     4.2     5.5    4.0   -    -     0.65
 80  20   0   0 0.422       7    0.82    0.79    0.15     3.8     5.5    4.0   -    -     0.66
 70  30   0  10 0.378       5    0.83    0.80    0.14     3.4     5.5    4.5   -    -     0.67
 70  30   0  10 0.356       5    0.84    0.83    0.13     3.2     4.5    4.5   -    -     0.68
 70  30   0  10 0.356       5    0.84    0.83    0.13     3.2     4.5    4.5   -    -     0.69
 70  30   0  10 0.356       5    0.84    0.83    0.13     3.2     4.5    4.5   -    -     0.70
 70  30   0  10 0.356       5    0.84    0.83    0.13     3.2     4.5    4.5   -    -     0.71
 70  30   0  10 0.356       5    0.84    0.83    0.13     3.2     4.5    4.5   -    -     0.72
 70  30   0  10 0.356       5    0.84    0.83    0.13     3.2     4.5    4.5   -    -     0.73
 70  30   0  10 0.356       5    0.84    0.83    0.13     3.2     4.5    4.5   -    -     0.74
 60  40   0  20 0.333       4    0.85    0.85    0.13     3.0     4.5    4.5   -    -     0.75
 60  40   0  20 0.289       4    0.87    0.89    0.12     2.6     3.5    3.5   -    -     0.76
 60  40   0  20 0.267       4    0.87    0.90    0.11     2.4     2.5    3.5   -    -     0.77
 60  40   0  20 0.244       4    0.88    0.90    0.10     2.2     2.5    3.5   -    -     0.78
 60  40   0  20 0.222       4    0.89    0.90    0.09     2.0     1.5    3.0   -    -     0.79
 60  40   0  20 0.200       4    0.90    0.91    0.06     1.8     1.5    2.5   -    -     0.80
 50  50   0  30 0.178       3    0.92    0.91    0.04     1.6     1.5    3.0   -    -     0.81
 50  50   0  30 0.178       3    0.92    0.91    0.04     1.6     1.5    3.0   -    -     0.82
 50  50   0  30 0.178       3    0.92    0.91    0.04     1.6     1.5    3.0   -    -     0.83
 50  50   0  30 0.178       3    0.92    0.91    0.04     1.6     1.5    3.0   -    -     0.84
 50  50   0  30 0.178       3    0.92    0.91    0.04     1.6     1.5    3.0   -    -     0.85
 40  60   0  40 0.156       2    0.93    0.91    0.04     1.4     1.5    3.5   -    -     0.86
 40  60   0  40 0.156       2    0.93    0.91    0.04     1.4     1.5    3.5   -    -     0.87
 40  60   0  40 0.156       2    0.93    0.91    0.04     1.4     1.5    3.5   -    -     0.88
 40  60   0  40 0.133       2    0.93    0.93    0.05     1.2     1.5    2.5   -    -     0.89
 40  60   0  40 0.133       2    0.93    0.93    0.05     1.2     1.5    2.5   -    -     0.90
 40  60   0  60 0.089       2    0.95    0.95    0.01     0.8     0.5    2.0   -    -     0.91
  0 100   0  70 0.067       2    0.96    0.95    0.02     0.6     0.5    1.5   -    -     0.92
  0 100   0  70 0.067       2    0.96    0.95    0.02     0.6     0.5    1.5   -    -     0.93
  0 100   0  70 0.067       2    0.96    0.95    0.02     0.6     0.5    1.5   -    -     0.94
  0 100   0  70 0.044       2    0.96    0.96    0.02     0.4     0.5    1.0   -    -     0.95
  0 100   0  80 0.022       1    0.98    0.98    0.00     0.2     0.5    0.5   -    -     0.96
  0 100   0  80 0.022       1    0.98    0.98    0.00     0.2     0.5    0.5   -    -     0.97
  0 100   0 100 0.000       1    0.00    0.00    0.00     0.0     0.5    0.5   -    -     0.98
  0 100   0 100 0.000       1    0.00    0.00    0.00     0.0     0.5    0.5   -    -     0.99
---------------------------------------------------------------------------------------------
