1 1 (2) 1 : 0.976 0.010 0.013 0.001 0.000 0.000
2 2 (4) 1 : 0.003 0.092 0.890 0.014 0.000 0.000
3 3 (2) 1 : 0.000 0.695 0.001 0.000 0.303 0.000
4 4 (5) 1 : 0.000 0.999 0.001 0.000 0.000 0.000
5 5 (4) 1 : 0.036 0.849 0.115 0.000 0.000 0.000
6 6 (4) 1 : 0.000 0.896 0.104 0.000 0.000 0.000
7 7 (2) 1 : 0.007 0.964 0.027 0.000 0.001 0.000
8 8 (4) 1 : 0.001 0.041 0.329 0.628 0.000 0.000
9 9 (2) 1 : 0.001 0.000 0.000 0.921 0.011 0.068
10 10 (2) 1 : 0.000 0.000 0.000 0.007 0.000 0.993
11 11 (2) 1 : 0.005 0.000 0.000 0.773 0.001 0.222
12 12 (2) 1 : 0.001 0.000 0.000 0.551 0.372 0.076
13 13 (5) 1 : 0.000 0.103 0.892 0.004 0.000 0.000
14 14 (18) 1 : 0.000 0.097 0.901 0.001 0.000 0.000
15 15 (4) 1 : 0.001 0.015 0.983 0.001 0.001 0.000
16 16 (2) 1 : 0.100 0.001 0.036 0.001 0.003 0.860
17 17 (2) 1 : 0.001 0.069 0.421 0.476 0.032 0.000
18 18 (2) 1 : 0.000 0.000 0.000 0.000 0.999 0.000
19 19 (2) 1 : 0.001 0.018 0.980 0.000 0.000 0.000
20 20 (5) 1 : 0.001 0.006 0.363 0.629 0.001 0.000
21 21 (5) 1 : 0.000 0.083 0.913 0.003 0.000 0.000
22 22 (5) 1 : 0.000 0.000 0.999 0.000 0.000 0.000
23 23 (2) 1 : 0.000 0.022 0.939 0.007 0.032 0.000
1 1 (2) 1 : 0.012 0.734 0.010 0.189 0.000 0.055
2 2 (4) 1 : 0.167 0.012 0.011 0.685 0.000 0.124
3 3 (2) 1 : 0.233 0.000 0.002 0.050 0.000 0.714
4 4 (5) 1 : 0.000 0.000 0.000 0.000 0.000 0.999
5 5 (4) 1 : 0.000 0.067 0.000 0.064 0.000 0.869
6 6 (4) 1 : 0.004 0.009 0.003 0.068 0.000 0.916
7 7 (2) 1 : 0.004 0.000 0.003 0.007 0.000 0.984
8 8 (4) 1 : 0.147 0.007 0.001 0.754 0.000 0.092
9 9 (2) 1 : 0.001 0.000 0.971 0.000 0.027 0.000
10 10 (2) 1 : 0.000 0.000 0.002 0.000 0.997 0.000
11 11 (2) 1 : 0.052 0.000 0.754 0.000 0.194 0.000
12 12 (2) 1 : 0.000 0.001 0.958 0.000 0.041 0.000
13 13 (5) 1 : 0.004 0.316 0.003 0.565 0.000 0.112
14 14 (18) 1 : 0.002 0.185 0.000 0.688 0.000 0.125
15 15 (4) 1 : 0.240 0.015 0.003 0.702 0.000 0.040
16 16 (2) 1 : 0.009 0.009 0.000 0.104 0.875 0.002
17 17 (2) 1 : 0.467 0.000 0.002 0.453 0.000 0.077
18 18 (2) 1 : 0.999 0.000 0.000 0.001 0.000 0.000
19 19 (2) 1 : 0.000 0.724 0.000 0.258 0.000 0.017
20 20 (5) 1 : 0.100 0.033 0.000 0.829 0.000 0.038
21 21 (5) 1 : 0.027 0.270 0.008 0.598 0.001 0.096
22 22 (5) 1 : 0.000 0.000 0.000 1.000 0.000 0.000
23 23 (2) 1 : 0.595 0.001 0.000 0.389 0.000 0.014
