1.0000	0.5685	0.6007	0.6567	0.5956	0.5605	0.5730	0.5016	0.5397	0.7209
0.5685	1.0000	0.6257	0.6300	0.6129	0.5721	0.5705	0.6905	0.5735	0.6245
0.6007	0.6257	1.0000	0.8203	0.6578	0.6649	0.5899	0.6101	0.5900	0.7335
0.6567	0.6300	0.8203	1.0000	0.7002	0.6357	0.6060	0.5947	0.6402	0.7780
0.5956	0.6129	0.6578	0.7002	1.0000	0.5642	0.5531	0.5379	0.7072	0.6493
0.5605	0.5721	0.6649	0.6357	0.5642	1.0000	0.6372	0.6551	0.5907	0.6541
0.5730	0.5705	0.5899	0.6060	0.5531	0.6372	1.0000	0.5754	0.5628	0.6705
0.5016	0.6905	0.6101	0.5947	0.5379	0.6551	0.5754	1.0000	0.5414	0.6007
0.5397	0.5735	0.5900	0.6402	0.7072	0.5907	0.5628	0.5414	1.0000	0.6445
0.7209	0.6245	0.7335	0.7780	0.6493	0.6541	0.6705	0.6007	0.6445	1.0000
