-------------------------------------------------------------------------------
 L       Percentage of nodes in the largest component
 D       Percentage of nodes in components of size at most 3 [-div option]
 R       Percentage of nodes not in L or D: 100 - L -D
 S       Percentage of nodes that are singletons
 E       Fraction of edges retained (input graph has 90)
 cce     Expected size of component, nodewise [ sum(sz^2) / sum^2(sz) ]
 EW      Edge weight traits (mean, median and IQR)
 ND      Node degree traits [mean, median and IQR]
 CCF     Clustering coefficient (scale 1-100)
 eff     Induced component efficiency relative to start graph (scale 1-1000)
Total number of nodes: 10
----------------------------------------------------------------------------------------------
  L   D   R   S     E     cce  EWmean   EWmed   EWiqr  NDmean   NDmed  NDiqr CCF  eff  Cutoff 
----------------------------------------------------------------------------------------------
100   0   0   0 1.000      10    0.62    0.61    0.08     9.0     9.5    0.5   -    -     0.50
100   0   0   0 0.978      10    0.62    0.61    0.08     8.8     9.5    0.5   -    -     0.51
100   0   0   0 0.978      10    0.62    0.61    0.08     8.8     9.5    0.5   -    -     0.52
100   0   0   0 0.978      10    0.62    0.61    0.08     8.8     9.5    0.5   -    -     0.53
100   0   0   0 0.933      10    0.63    0.62    0.08     8.4     9.5    1.5   -    -     0.54
100   0   0   0 0.911      10    0.63    0.62    0.07     8.2     9.5    2.0   -    -     0.55
100   0   0   0 0.889      10    0.63    0.63    0.07     8.0     8.5    2.5   -    -     0.56
100   0   0   0 0.800      10    0.64    0.63    0.06     7.2     7.5    3.0   -    -     0.57
100   0   0   0 0.689      10    0.65    0.64    0.06     6.2     5.5    3.0   -    -     0.58
100   0   0   0 0.644      10    0.66    0.64    0.06     5.8     5.5    2.5   -    -     0.59
100   0   0   0 0.578      10    0.66    0.65    0.06     5.2     5.5    3.0   -    -     0.60
100   0   0   0 0.511      10    0.67    0.66    0.06     4.6     5.5    3.0   -    -     0.61
100   0   0   0 0.467      10    0.68    0.66    0.06     4.2     4.5    3.0   -    -     0.62
100   0   0   0 0.400      10    0.68    0.66    0.06     3.6     3.5    3.0   -    -     0.63
100   0   0   0 0.356      10    0.69    0.67    0.05     3.2     3.5    2.5   -    -     0.64
100   0   0   0 0.289      10    0.70    0.69    0.06     2.6     2.5    2.5   -    -     0.65
 80  20   0   0 0.200       7    0.72    0.71    0.04     1.8     1.5    2.0   -    -     0.66
 70  30   0  10 0.178       5    0.73    0.71    0.03     1.6     1.5    1.5   -    -     0.67
 60  40   0  20 0.156       4    0.74    0.72    0.05     1.4     1.5    1.5   -    -     0.68
 60  40   0  20 0.156       4    0.74    0.72    0.05     1.4     1.5    1.5   -    -     0.69
 60  40   0  40 0.133       4    0.74    0.73    0.07     1.2     1.5    2.5   -    -     0.70
 40  60   0  60 0.089       2    0.76    0.76    0.04     0.8     0.5    2.0   -    -     0.71
 40  60   0  60 0.089       2    0.76    0.76    0.04     0.8     0.5    2.0   -    -     0.72
  0 100   0  70 0.067       2    0.78    0.78    0.04     0.6     0.5    1.5   -    -     0.73
  0 100   0  70 0.044       2    0.80    0.80    0.04     0.4     0.5    1.0   -    -     0.74
  0 100   0  70 0.044       2    0.80    0.80    0.04     0.4     0.5    1.0   -    -     0.75
  0 100   0  70 0.044       2    0.80    0.80    0.04     0.4     0.5    1.0   -    -     0.76
  0 100   0  70 0.044       2    0.80    0.80    0.04     0.4     0.5    1.0   -    -     0.77
  0 100   0  80 0.022       1    0.82    0.82    0.00     0.2     0.5    0.5   -    -     0.78
  0 100   0  80 0.022       1    0.82    0.82    0.00     0.2     0.5    0.5   -    -     0.79
  0 100   0  80 0.022       1    0.82    0.82    0.00     0.2     0.5    0.5   -    -     0.80
  0 100   0  80 0.022       1    0.82    0.82    0.00     0.2     0.5    0.5   -    -     0.81
  0 100   0  80 0.022       1    0.82    0.82    0.00     0.2     0.5    0.5   -    -     0.82
  0 100   0 100 0.000       1    0.00    0.00    0.00     0.0     0.5    0.5   -    -     0.83
  0 100   0 100 0.000       1    0.00    0.00    0.00     0.0     0.5    0.5   -    -     0.84
  0 100   0 100 0.000       1    0.00    0.00    0.00     0.0     0.5    0.5   -    -     0.85
  0 100   0 100 0.000       1    0.00    0.00    0.00     0.0     0.5    0.5   -    -     0.86
  0 100   0 100 0.000       1    0.00    0.00    0.00     0.0     0.5    0.5   -    -     0.87
  0 100   0 100 0.000       1    0.00    0.00    0.00     0.0     0.5    0.5   -    -     0.88
  0 100   0 100 0.000       1    0.00    0.00    0.00     0.0     0.5    0.5   -    -     0.89
  0 100   0 100 0.000       1    0.00    0.00    0.00     0.0     0.5    0.5   -    -     0.90
  0 100   0 100 0.000       1    0.00    0.00    0.00     0.0     0.5    0.5   -    -     0.91
  0 100   0 100 0.000       1    0.00    0.00    0.00     0.0     0.5    0.5   -    -     0.92
  0 100   0 100 0.000       1    0.00    0.00    0.00     0.0     0.5    0.5   -    -     0.93
  0 100   0 100 0.000       1    0.00    0.00    0.00     0.0     0.5    0.5   -    -     0.94
  0 100   0 100 0.000       1    0.00    0.00    0.00     0.0     0.5    0.5   -    -     0.95
  0 100   0 100 0.000       1    0.00    0.00    0.00     0.0     0.5    0.5   -    -     0.96
  0 100   0 100 0.000       1    0.00    0.00    0.00     0.0     0.5    0.5   -    -     0.97
  0 100   0 100 0.000       1    0.00    0.00    0.00     0.0     0.5    0.5   -    -     0.98
  0 100   0 100 0.000       1    0.00    0.00    0.00     0.0     0.5    0.5   -    -     0.99
---------------------------------------------------------------------------------------------
