1 1 (2) 1 : 0.059 0.535 0.000 0.406
2 2 (4) 1 : 0.069 0.724 0.000 0.207
3 3 (2) 1 : 0.703 0.286 0.000 0.011
4 4 (5) 1 : 0.999 0.000 0.000 0.000
5 5 (4) 1 : 0.871 0.092 0.000 0.037
6 6 (4) 1 : 0.910 0.068 0.000 0.022
7 7 (2) 1 : 0.991 0.006 0.000 0.003
8 8 (4) 1 : 0.032 0.943 0.000 0.025
9 9 (2) 1 : 0.000 0.587 0.154 0.258
10 10 (2) 1 : 0.000 0.000 1.000 0.000
11 11 (2) 1 : 0.000 0.711 0.288 0.000
12 12 (2) 1 : 0.000 0.827 0.164 0.009
13 13 (5) 1 : 0.082 0.677 0.000 0.241
14 14 (18) 1 : 0.073 0.920 0.000 0.006
15 15 (4) 1 : 0.001 0.934 0.000 0.065
16 16 (2) 1 : 0.019 0.021 0.838 0.122
17 17 (2) 1 : 0.047 0.946 0.000 0.007
18 18 (2) 1 : 0.000 0.246 0.000 0.754
19 19 (2) 1 : 0.001 0.551 0.000 0.448
20 20 (5) 1 : 0.000 0.984 0.000 0.015
21 21 (5) 1 : 0.051 0.927 0.000 0.022
22 22 (5) 1 : 0.003 0.000 0.000 0.997
23 23 (2) 1 : 0.001 0.756 0.000 0.243
1 1 (2) 1 : 0.062 0.685 0.000 0.253
2 2 (4) 1 : 0.077 0.865 0.000 0.058
3 3 (2) 1 : 0.707 0.293 0.000 0.001
4 4 (5) 1 : 0.999 0.001 0.000 0.000
5 5 (4) 1 : 0.878 0.042 0.000 0.080
6 6 (4) 1 : 0.915 0.085 0.000 0.001
7 7 (2) 1 : 0.991 0.004 0.000 0.004
8 8 (4) 1 : 0.047 0.923 0.000 0.030
9 9 (2) 1 : 0.000 0.848 0.151 0.001
10 10 (2) 1 : 0.000 0.000 1.000 0.000
11 11 (2) 1 : 0.000 0.712 0.287 0.000
12 12 (2) 1 : 0.000 0.667 0.161 0.172
13 13 (5) 1 : 0.086 0.752 0.000 0.161
14 14 (18) 1 : 0.085 0.907 0.000 0.008
15 15 (4) 1 : 0.001 0.994 0.000 0.005
16 16 (2) 1 : 0.010 0.028 0.838 0.124
17 17 (2) 1 : 0.054 0.939 0.000 0.006
18 18 (2) 1 : 0.000 0.262 0.000 0.738
19 19 (2) 1 : 0.007 0.654 0.000 0.338
20 20 (5) 1 : 0.000 0.986 0.000 0.014
21 21 (5) 1 : 0.063 0.931 0.000 0.006
22 22 (5) 1 : 0.001 0.000 0.000 0.999
23 23 (2) 1 : 0.005 0.537 0.000 0.457
