1.0000	0.9952	0.9978	0.9973	0.9975	0.9967	0.9978	0.9957	0.9968	0.9981
0.9952	1.0000	0.9967	0.9975	0.9974	0.9979	0.9937	0.9989	0.9981	0.9966
0.9978	0.9967	1.0000	0.9984	0.9988	0.9985	0.9967	0.9974	0.9983	0.9988
0.9973	0.9975	0.9984	1.0000	0.9990	0.9987	0.9958	0.9979	0.9986	0.9984
0.9975	0.9974	0.9988	0.9990	1.0000	0.9986	0.9960	0.9978	0.9988	0.9986
0.9967	0.9979	0.9985	0.9987	0.9986	1.0000	0.9954	0.9986	0.9992	0.9982
0.9978	0.9937	0.9967	0.9958	0.9960	0.9954	1.0000	0.9942	0.9953	0.9969
0.9957	0.9989	0.9974	0.9979	0.9978	0.9986	0.9942	1.0000	0.9986	0.9971
0.9968	0.9981	0.9983	0.9986	0.9988	0.9992	0.9953	0.9986	1.0000	0.9981
0.9981	0.9966	0.9988	0.9984	0.9986	0.9982	0.9969	0.9971	0.9981	1.0000
